
R version 4.1.2 (2021-11-01) -- "Bird Hippie"
Copyright (C) 2021 The R Foundation for Statistical Computing
Platform: x86_64-pc-linux-gnu (64-bit)

R is free software and comes with ABSOLUTELY NO WARRANTY.
You are welcome to redistribute it under certain conditions.
Type 'license()' or 'licence()' for distribution details.

R is a collaborative project with many contributors.
Type 'contributors()' for more information and
'citation()' on how to cite R or R packages in publications.

Type 'demo()' for some demos, 'help()' for on-line help, or
'help.start()' for an HTML browser interface to help.
Type 'q()' to quit R.

> # DO THE 8x8 POTTS EXPERIMENTAL RUNS - SET C.
> 
> source("methods.r")
> source("scans.r")
> source("potts-8x8.r")
> source("plot.r")
> 
> rtype <- "c"
> 
> meth <- list (UNAM=trans_UNAM,
+               ZDNAM=trans_ZDNAM,
+               ST=trans_ST,
+               UDST=trans_UDST,
+               FSS=trans_FSS,
+               ZFSS=trans_ZFSS
+         )
> 
> scan <- list (Random=scan_random,
+               Sequential=scan_sequential,
+               `Shuffled Sequential`=scan_shuffled_sequential,
+               Checkerboard=scan_checkerboard,
+               `Random order`=scan_random_order,
+               `Random order x4`=scan_random_order_x4
+         )
> 
> source("potts-runs-8x8-tail.r")
Shuffle order: 57 4 39 1 34 23 43 14 18 51 33 21 53 42 46 10 7 9 15 52 37 41 25 44 58 60 55 50 54 20 6 49 36 62 40 35 28 29 26 12 59 31 8 38 24 48 32 27 22 64 2 13 30 17 11 61 3 16 56 63 45 19 47 5 

UNAM, Random:
self transition frequency: 0.3165547 
average self transition probability: 0.3164384 
minimum self transition probability: 0.230939 
fraction of time max pr > 1/2: 0.4046484 

equal neighbors: mean 62.00529  variance 62.20983 
eq
  30   31   32   33   34   35   36   37   38   39   40   41   42   43   44   45 
   1    2    2    2    4    6    5   11   12   28   38   57   88  173  252  376 
  46   47   48   49   50   51   52   53   54   55   56   57   58   59   60   61 
 572  809 1216 1710 2152 2685 3275 4077 4243 4876 5464 5893 6238 6627 6758 6655 
  62   63   64   65   66   67   68   69   70   71   72   73   74   75   76   77 
6579 6049 5771 5583 5300 4793 4208 3773 3444 3057 2534 2238 1851 1545 1380 1124 
  78   79   80   81   82   83   84   85   86   87   88   89   90   91   92   93 
 902  729  667  514  319  294  287  175  153  144  106   51   41   34   26    2 
  94   95   96 
  16    3    1 

count of 1 values: mean 15.54119  variance 58.63945 

sum sq counts: mean 1286.327  variance 51905.34 

final counts: 33 11 10 10 

   user  system elapsed 
  4.685   0.000   4.685 
     [,1] [,2] [,3] [,4] [,5] [,6] [,7] [,8]
[1,]    1    4    4    1    1    1    1    1
[2,]    1    1    2    1    1    1    1    1
[3,]    1    1    2    2    1    1    1    3
[4,]    1    1    2    2    2    2    4    4
[5,]    3    1    2    4    4    4    4    4
[6,]    3    3    3    1    1    4    1    2
[7,]    3    3    3    1    3    1    2    2
[8,]    1    3    1    1    1    1    1    1

UNAM, Sequential:
self transition frequency: 0.3171328 
average self transition probability: 0.3163226 
minimum self transition probability: 0.2311646 
fraction of time max pr > 1/2: 0.4065156 

equal neighbors: mean 62.0727  variance 67.58362 
eq
  31   32   34   35   36   37   38   39   40   41   42   43   44   45   46   47 
   1    1    1    3    8   11   29   24   49   98  150  250  373  615  774 1046 
  48   49   50   51   52   53   54   55   56   57   58   59   60   61   62   63 
1374 1635 2096 2492 3007 3684 4255 4724 5403 5718 6128 6496 6612 6503 6288 6124 
  64   65   66   67   68   69   70   71   72   73   74   75   76   77   78   79 
6074 5670 5399 4892 4412 3790 3254 3117 2631 2282 1839 1547 1310 1103  901  734 
  80   81   82   83   84   85   86   87   88   89   90   91   92   93   94   95 
 541  420  313  297  214  164  163  125  112  106  104  102   79   49   38   32 
  96   97   98   99  100  101  102  103  104  105  106  107 
  15   41   29   19   13   43   11   12   11   10    9    1 

count of 1 values: mean 15.43034  variance 61.94819 

sum sq counts: mean 1291.474  variance 58347.45 

final counts: 6 37 15 6 

   user  system elapsed 
  4.618   0.000   4.617 
     [,1] [,2] [,3] [,4] [,5] [,6] [,7] [,8]
[1,]    4    2    2    2    4    1    2    1
[2,]    3    3    2    2    2    3    2    3
[3,]    3    3    2    1    1    2    2    3
[4,]    3    2    2    1    1    3    2    2
[5,]    2    2    2    2    3    4    4    2
[6,]    2    2    2    2    3    2    2    2
[7,]    4    2    2    2    2    2    2    4
[8,]    2    2    2    2    3    3    3    3

UNAM, Shuffled Sequential:
self transition frequency: 0.3129844 
average self transition probability: 0.3127688 
minimum self transition probability: 0.2277151 
fraction of time max pr > 1/2: 0.4014687 

equal neighbors: mean 61.87527  variance 64.88828 
eq
  32   33   34   35   36   37   38   39   40   41   42   43   44   45   46   47 
   4    9    6   11   16   30   34   42   81  113  191  291  325  500  746 1026 
  48   49   50   51   52   53   54   55   56   57   58   59   60   61   62   63 
1349 1655 2160 2807 3142 3747 4297 4728 5528 5711 6255 6422 6515 6307 6474 6407 
  64   65   66   67   68   69   70   71   72   73   74   75   76   77   78   79 
6172 5774 5257 4749 4264 3854 3419 2741 2585 2231 1928 1438 1219 1031  867  611 
  80   81   82   83   84   85   86   87   88   89   90   91   92   93   94   95 
 579  484  389  318  258  229  130  121   67   58   53   41   41   42   42   38 
  96   97   98   99  100 
  11   17    4    3    6 

count of 1 values: mean 15.62445  variance 56.00506 

sum sq counts: mean 1278.568  variance 48414.18 

final counts: 26 13 5 20 

   user  system elapsed 
  4.587   0.000   4.587 
     [,1] [,2] [,3] [,4] [,5] [,6] [,7] [,8]
[1,]    4    2    2    1    1    1    1    4
[2,]    4    2    2    1    3    3    4    1
[3,]    4    4    2    1    4    1    1    1
[4,]    2    4    4    4    4    1    2    1
[5,]    1    1    4    4    1    1    4    4
[6,]    4    1    1    1    2    2    4    4
[7,]    3    3    1    1    1    2    4    3
[8,]    1    2    2    1    1    2    4    1

UNAM, Checkerboard:
self transition frequency: 0.3144141 
average self transition probability: 0.3147455 
minimum self transition probability: 0.23039 
fraction of time max pr > 1/2: 0.4050547 

equal neighbors: mean 62.00338  variance 66.62474 
eq
  30   31   33   34   35   36   37   38   39   40   41   42   43   44   45   46 
   1    2    1    5    8    9   20   22   34   68  105  194  280  399  534  810 
  47   48   49   50   51   52   53   54   55   56   57   58   59   60   61   62 
1004 1335 1765 2332 2624 3093 3951 4273 4736 5258 5817 6034 6361 6133 6007 6113 
  63   64   65   66   67   68   69   70   71   72   73   74   75   76   77   78 
6199 6072 5663 5153 4855 4397 4008 3545 3203 2690 2325 2021 1639 1360 1044  925 
  79   80   81   82   83   84   85   86   87   88   89   90   91   92   93   94 
 735  527  409  299  312  213  228  178  132  151  104   62   84   46   23    7 
  95   96   97   98   99 
  14   19   16    3   11 

count of 1 values: mean 16.00146  variance 68.74465 

sum sq counts: mean 1290.581  variance 51732.59 

final counts: 19 19 10 16 

   user  system elapsed 
  4.652   0.000   4.652 
     [,1] [,2] [,3] [,4] [,5] [,6] [,7] [,8]
[1,]    1    1    1    4    4    1    1    4
[2,]    2    3    3    4    4    1    3    4
[3,]    2    2    2    1    1    3    3    4
[4,]    2    2    2    1    1    3    4    4
[5,]    2    2    2    1    1    1    4    4
[6,]    2    2    2    3    1    2    3    1
[7,]    2    2    3    2    2    1    4    2
[8,]    1    1    4    4    3    1    4    4

UNAM, Random order:
self transition frequency: 0.3068672 
average self transition probability: 0.3090458 
minimum self transition probability: 0.2243733 
fraction of time max pr > 1/2: 0.3957734 

equal neighbors: mean 61.33091  variance 66.55444 
eq
  31   32   33   34   35   36   37   38   39   40   41   42   43   44   45   46 
   1    6    3   12   15   21   17   27   41   67  129  208  306  474  701  875 
  47   48   49   50   51   52   53   54   55   56   57   58   59   60   61   62 
1177 1425 1813 2402 2966 3429 4109 4894 5696 6077 6314 6535 6617 6544 6470 6152 
  63   64   65   66   67   68   69   70   71   72   73   74   75   76   77   78 
5749 5343 5086 4571 4264 3873 3759 3078 2746 2352 1830 1642 1465 1313 1097  890 
  79   80   81   82   83   84   85   86   87   88   89   90   91   92   93   94 
 703  590  412  363  277  217  204  120  108   86   33   59   45   37   22   42 
  95   96   97   98   99  100  101  102  104 
   8   14   17   21   14   15    4    6    2 

count of 1 values: mean 15.89234  variance 63.60872 

sum sq counts: mean 1279.955  variance 52249.91 

final counts: 10 14 12 28 

   user  system elapsed 
  4.593   0.000   4.593 
     [,1] [,2] [,3] [,4] [,5] [,6] [,7] [,8]
[1,]    1    4    1    4    4    3    3    2
[2,]    3    1    2    4    4    3    3    3
[3,]    4    4    4    4    4    4    4    3
[4,]    4    4    4    1    4    4    2    2
[5,]    2    2    4    4    4    4    2    2
[6,]    2    2    3    4    4    2    4    2
[7,]    1    4    4    2    1    3    3    2
[8,]    1    3    4    1    3    4    1    1

UNAM, Random order x4:
self transition frequency: 0.3113437 
average self transition probability: 0.3112435 
minimum self transition probability: 0.2257447 
fraction of time max pr > 1/2: 0.3986172 

equal neighbors: mean 61.65204  variance 60.54861 
eq
  30   31   32   33   34   35   36   37   38   39   40   41   42   43   44   45 
   4    4    1    1    1    6   13   19   23   34   47   77  106  197  331  507 
  46   47   48   49   50   51   52   53   54   55   56   57   58   59   60   61 
 699  971 1340 1646 2139 2658 3093 3822 4368 5080 5702 6112 6452 6778 6852 7047 
  62   63   64   65   66   67   68   69   70   71   72   73   74   75   76   77 
6884 6711 6006 5868 5035 4413 4023 3567 3074 2693 2416 2013 1746 1360 1243  933 
  78   79   80   81   82   83   84   85   86   87   88   89   90   91   92   93 
 772  647  484  437  314  237  232  151  147  112   87   72   58   21   16   33 
  94   95   96   97   98   99  100 
   8   15    7   16   15    1    3 

count of 1 values: mean 16.32486  variance 65.76562 

sum sq counts: mean 1269.828  variance 46084.57 

final counts: 26 15 18 5 

   user  system elapsed 
  4.598   0.000   4.599 
     [,1] [,2] [,3] [,4] [,5] [,6] [,7] [,8]
[1,]    1    3    3    3    3    2    2    1
[2,]    2    1    1    3    3    4    2    2
[3,]    2    1    1    1    1    3    4    2
[4,]    1    1    1    1    3    3    4    1
[5,]    1    1    1    1    1    3    1    1
[6,]    1    3    2    1    2    2    1    4
[7,]    1    3    3    3    2    2    1    4
[8,]    1    3    3    3    3    2    2    2

ZDNAM, Random:
self transition frequency: 0.2280156 
average self transition probability: 0.227712 
minimum self transition probability: 0.2276593 
fraction of time max pr > 1/2: 0.402125 

equal neighbors: mean 61.87237  variance 62.34526 
eq
  28   30   31   32   33   34   35   36   37   38   39   40   41   42   43   44 
   1    1    1    2    1    1    2    7   10   28   39   74  100  163  238  344 
  45   46   47   48   49   50   51   52   53   54   55   56   57   58   59   60 
 490  739 1118 1397 1794 2096 2562 3196 3697 4170 4806 5258 5769 6167 6397 6613 
  61   62   63   64   65   66   67   68   69   70   71   72   73   74   75   76 
6337 6633 6294 6016 5758 5357 5068 4344 3833 3546 3105 2616 2186 1944 1613 1292 
  77   78   79   80   81   82   83   84   85   86   87   88   89   90   91   92 
 958  877  636  537  395  342  232  173  127  105   71   58   47   70   24   29 
  93   94   95   96   97   98   99  100  101 
  26   28    1   14    2    2    6    4   13 

count of 1 values: mean 16.55948  variance 61.46468 

sum sq counts: mean 1271.983  variance 40698.15 

final counts: 16 10 24 14 

   user  system elapsed 
  3.154   0.000   3.153 
     [,1] [,2] [,3] [,4] [,5] [,6] [,7] [,8]
[1,]    1    1    1    3    3    3    3    4
[2,]    2    2    3    3    3    3    1    2
[3,]    4    2    3    3    3    3    1    1
[4,]    4    4    1    3    3    3    3    3
[5,]    1    2    4    4    4    3    3    3
[6,]    1    1    2    4    2    3    3    4
[7,]    4    4    4    4    2    3    3    4
[8,]    1    1    1    2    2    1    1    1

ZDNAM, Sequential:
self transition frequency: 0.2276797 
average self transition probability: 0.2280716 
minimum self transition probability: 0.2279716 
fraction of time max pr > 1/2: 0.4015625 

equal neighbors: mean 62.04512  variance 66.26402 
eq
  32   33   34   35   36   37   38   39   40   41   42   43   44   45   46   47 
   1    1    4   16   18   25   34   36   50   83  119  207  294  463  658  907 
  48   49   50   51   52   53   54   55   56   57   58   59   60   61   62   63 
1203 1646 2064 2621 3322 4014 4317 4840 5499 5812 6207 6399 6726 6763 6468 6041 
  64   65   66   67   68   69   70   71   72   73   74   75   76   77   78   79 
5782 5738 5280 4724 4351 3738 3301 2743 2363 2065 1832 1606 1313 1129  911  784 
  80   81   82   83   84   85   86   87   88   89   90   91   92   93   94   95 
 689  647  465  343  286  216  162  110  148   57   84   34   26   29   12   46 
  96   97   98   99  100  101  102  103  104 
  27   24   15    9   18   15   16    2    2 

count of 1 values: mean 16.36471  variance 71.4009 

sum sq counts: mean 1288.955  variance 58705.62 

final counts: 20 30 10 4 

   user  system elapsed 
  3.114   0.000   3.114 
     [,1] [,2] [,3] [,4] [,5] [,6] [,7] [,8]
[1,]    2    1    2    2    2    1    3    3
[2,]    2    2    2    2    2    4    1    1
[3,]    2    2    2    2    2    4    1    1
[4,]    2    1    2    2    3    4    1    1
[5,]    2    2    1    2    2    4    3    3
[6,]    2    1    1    1    1    2    3    3
[7,]    2    1    1    2    2    2    3    1
[8,]    1    2    1    2    1    2    3    3

ZDNAM, Shuffled Sequential:
self transition frequency: 0.2261953 
average self transition probability: 0.2269303 
minimum self transition probability: 0.2273953 
fraction of time max pr > 1/2: 0.4007031 

equal neighbors: mean 61.80691  variance 61.68326 
eq
  33   35   36   37   38   39   40   41   42   43   44   45   46   47   48   49 
   1    2    3    9    5   23   50   61  133  211  286  491  712  978 1284 1756 
  50   51   52   53   54   55   56   57   58   59   60   61   62   63   64   65 
2265 2706 3310 3960 4545 4958 5319 5949 6129 6420 6623 6546 6459 6312 5923 5685 
  66   67   68   69   70   71   72   73   74   75   76   77   78   79   80   81 
5243 4712 4397 3835 3375 2879 2487 2386 1975 1493 1245 1043  877  625  486  339 
  82   83   84   85   86   87   88   89   90   91   92   93   94   95   96   97 
 374  225  190  131  130  110   77   52   63   49   28   16    9   16    4   10 
  98   99 
   2    3 

count of 1 values: mean 15.96603  variance 63.43228 

sum sq counts: mean 1284.865  variance 50049.72 

final counts: 13 17 20 14 

   user  system elapsed 
  3.110   0.000   3.109 
     [,1] [,2] [,3] [,4] [,5] [,6] [,7] [,8]
[1,]    3    3    4    4    4    3    3    3
[2,]    3    2    2    2    2    1    3    3
[3,]    3    3    3    2    2    1    3    3
[4,]    2    2    1    2    2    1    3    3
[5,]    1    1    1    4    3    1    3    1
[6,]    2    1    1    4    4    2    1    2
[7,]    2    1    4    4    4    2    2    2
[8,]    3    4    4    4    4    4    3    3

ZDNAM, Checkerboard:
self transition frequency: 0.2323516 
average self transition probability: 0.2314239 
minimum self transition probability: 0.2310609 
fraction of time max pr > 1/2: 0.4058594 

equal neighbors: mean 62.14491  variance 63.90957 
eq
  31   32   35   36   37   38   39   40   41   42   43   44   45   46   47   48 
   1    2    1    4    5   13   31   62   82  118  192  298  464  657  960 1219 
  49   50   51   52   53   54   55   56   57   58   59   60   61   62   63   64 
1646 2096 2678 3104 3537 4104 4715 5334 5787 6154 6380 6602 6518 6651 6308 6052 
  65   66   67   68   69   70   71   72   73   74   75   76   77   78   79   80 
5598 5223 4844 4347 3959 3524 3141 2730 2266 1987 1527 1291 1106  945  771  575 
  81   82   83   84   85   86   87   88   89   90   91   92   93   94   95   96 
 462  414  335  312  184  184  110   99   57   54   33   45   13   39   20   10 
  97   98 
  14    6 

count of 1 values: mean 15.86158  variance 62.53147 

sum sq counts: mean 1293.273  variance 50788.41 

final counts: 15 23 10 16 

   user  system elapsed 
  3.125   0.004   3.129 
     [,1] [,2] [,3] [,4] [,5] [,6] [,7] [,8]
[1,]    4    4    4    4    1    3    2    4
[2,]    2    2    2    1    1    3    2    2
[3,]    1    2    3    1    2    4    2    2
[4,]    3    2    3    1    2    2    2    3
[5,]    1    3    3    2    2    2    2    2
[6,]    1    3    1    2    2    2    4    1
[7,]    1    1    1    2    4    4    4    1
[8,]    4    4    4    3    1    4    4    4

ZDNAM, Random order:
self transition frequency: 0.2296953 
average self transition probability: 0.2289476 
minimum self transition probability: 0.228618 
fraction of time max pr > 1/2: 0.4014766 

equal neighbors: mean 61.96162  variance 70.35513 
eq
  31   32   33   34   35   36   37   38   39   40   41   42   43   44   45   46 
   2    1    2    1    1    7   10   12   31   37   73  104  216  341  524  756 
  47   48   49   50   51   52   53   54   55   56   57   58   59   60   61   62 
 985 1272 1652 2151 2809 3470 3851 4607 5208 5556 6034 6304 6588 6650 6554 6345 
  63   64   65   66   67   68   69   70   71   72   73   74   75   76   77   78 
6112 5857 5499 5029 4486 4027 3653 3008 2511 2287 2046 1681 1533 1230 1121  860 
  79   80   81   82   83   84   85   86   87   88   89   90   91   92   93   94 
 787  670  559  530  453  327  238  247  172  172  144   94   90   73   59   53 
  95   96   97   98   99  100  101  102  104  105  106  107  108  109  110  113 
  43   18   16   11   17   18   14   20   20   18   16    3    1    8   10    5 

count of 1 values: mean 16.32222  variance 70.69457 

sum sq counts: mean 1289.521  variance 65189.37 

final counts: 25 12 14 13 

   user  system elapsed 
  3.118   0.000   3.118 
     [,1] [,2] [,3] [,4] [,5] [,6] [,7] [,8]
[1,]    1    1    1    3    3    4    4    1
[2,]    1    1    1    2    3    2    4    1
[3,]    1    1    1    1    3    1    4    3
[4,]    1    3    4    1    3    1    4    4
[5,]    1    3    2    1    3    3    3    4
[6,]    1    2    3    1    1    2    2    1
[7,]    1    2    2    1    2    2    2    1
[8,]    4    3    4    4    4    4    2    3

ZDNAM, Random order x4:
self transition frequency: 0.2325312 
average self transition probability: 0.2314628 
minimum self transition probability: 0.23093 
fraction of time max pr > 1/2: 0.4052969 

equal neighbors: mean 62.24122  variance 71.3299 
eq
  31   32   35   36   37   38   39   40   41   42   43   44   45   46   47   48 
   3    1    4    1    6   16   30   45  101  110  183  281  444  680  912 1242 
  49   50   51   52   53   54   55   56   57   58   59   60   61   62   63   64 
1608 2118 2575 3028 3658 4078 4829 5372 5812 6347 6660 6924 6888 6581 6536 5946 
  65   66   67   68   69   70   71   72   73   74   75   76   77   78   79   80 
5524 5162 4686 4103 3738 3267 2801 2328 1917 1782 1546 1326 1057  904  763  619 
  81   82   83   84   85   86   87   88   89   90   91   92   93   94   95   96 
 550  405  360  253  262  196  231  178  138  157  126  113   87   48   20   14 
  97   98   99  100  101  102  103  104  105  106  107  108  110  112  113  114 
  33   19   17   12   21   23   27   17   16    5   15   14   16    3   12   23 
 115  116  117 
   3   43    1 

count of 1 values: mean 15.47254  variance 64.69225 

sum sq counts: mean 1296.563  variance 68726.08 

final counts: 12 8 20 24 

   user  system elapsed 
  3.097   0.004   3.101 
     [,1] [,2] [,3] [,4] [,5] [,6] [,7] [,8]
[1,]    3    2    2    1    4    4    2    4
[2,]    3    4    4    3    2    3    4    3
[3,]    1    3    3    1    3    3    3    4
[4,]    4    4    2    2    1    3    3    4
[5,]    2    2    4    4    4    3    4    4
[6,]    1    3    3    3    4    3    3    4
[7,]    1    1    1    1    1    4    4    4
[8,]    1    1    4    3    3    4    4    4

ST, Random:
self transition frequency: 0.229875 
average self transition probability: 0.2294389 
minimum self transition probability: 0.229507 
fraction of time max pr > 1/2: 0.4031641 

equal neighbors: mean 62.1895  variance 67.80679 
eq
  31   32   35   37   38   39   40   41   42   43   44   45   46   47   48   49 
   2    1    1    6    6   26   40   74  123  199  339  503  708 1019 1416 1844 
  50   51   52   53   54   55   56   57   58   59   60   61   62   63   64   65 
2297 2655 3222 3740 4231 4812 5325 5758 5852 6309 6290 6173 6253 5937 5903 5540 
  66   67   68   69   70   71   72   73   74   75   76   77   78   79   80   81 
5169 4531 4236 3690 3501 3103 2899 2356 2058 1827 1611 1328  982  912  683  537 
  82   83   84   85   86   87   88   89   90   91   92   93   94   95   96   97 
 387  276  240  218  159  181  129  112   82   61   52   41   14   14    2    5 

count of 1 values: mean 16.55961  variance 66.75 

sum sq counts: mean 1286.777  variance 55916.42 

final counts: 9 23 15 17 

   user  system elapsed 
  3.335   0.000   3.335 
     [,1] [,2] [,3] [,4] [,5] [,6] [,7] [,8]
[1,]    2    2    2    1    3    3    3    2
[2,]    2    2    3    3    3    3    1    2
[3,]    2    2    2    2    4    4    4    2
[4,]    4    1    4    4    4    4    3    3
[5,]    1    1    4    1    4    4    3    3
[6,]    2    4    4    4    1    1    1    2
[7,]    2    2    3    4    2    3    4    2
[8,]    2    2    2    4    3    3    2    2

ST, Sequential:
self transition frequency: 0.2286641 
average self transition probability: 0.2289476 
minimum self transition probability: 0.2287369 
fraction of time max pr > 1/2: 0.401625 

equal neighbors: mean 61.8142  variance 68.50671 
eq
  32   34   35   36   37   38   39   40   41   42   43   44   45   46   47   48 
   2    1    2    5    9   12   26   49   88  141  231  333  474  647  992 1312 
  49   50   51   52   53   54   55   56   57   58   59   60   61   62   63   64 
1626 2292 2673 3385 4053 4720 5183 5630 6050 6415 6382 6693 6451 6502 6402 6089 
  65   66   67   68   69   70   71   72   73   74   75   76   77   78   79   80 
5561 5262 4594 4028 3510 3180 2715 2365 1994 1593 1423 1259  931  752  641  528 
  81   82   83   84   85   86   87   88   89   90   91   92   93   94   95   96 
 407  350  298  245  191  144  154  146   97  113   64   61   70   55   48   36 
  97   98   99  100  101  102  103  104  105  106  107  108  109  110  111  112 
  51   31   16   44   20   12    6   20    1    5    8    3    5   18   34    6 
 113  114  115  116  118  120 
   1    3    7    8    1   15 

count of 1 values: mean 16.1875  variance 70.05853 

sum sq counts: mean 1289.811  variance 63684.12 

final counts: 14 16 14 20 

   user  system elapsed 
  3.391   0.000   3.391 
     [,1] [,2] [,3] [,4] [,5] [,6] [,7] [,8]
[1,]    1    1    1    1    3    2    1    1
[2,]    4    2    3    1    1    3    3    3
[3,]    4    2    3    3    3    1    3    4
[4,]    2    4    4    4    4    2    2    4
[5,]    3    4    4    4    4    2    2    3
[6,]    4    4    4    4    3    1    3    4
[7,]    4    2    2    4    2    1    2    2
[8,]    3    2    4    1    1    1    2    2

ST, Shuffled Sequential:
self transition frequency: 0.2313125 
average self transition probability: 0.2313059 
minimum self transition probability: 0.2314434 
fraction of time max pr > 1/2: 0.4060391 

equal neighbors: mean 62.13622  variance 67.7514 
eq
  33   35   36   37   38   39   40   41   42   43   44   45   46   47   48   49 
   1    2    2    5   12   31   55   97  134  205  312  474  604  823 1179 1598 
  50   51   52   53   54   55   56   57   58   59   60   61   62   63   64   65 
2033 2597 3256 3825 4294 4987 5566 6009 6190 6421 6740 6735 6618 6252 5830 5580 
  66   67   68   69   70   71   72   73   74   75   76   77   78   79   80   81 
4991 4587 4279 3754 3449 2917 2484 2123 1787 1475 1250  962  934  759  640  581 
  82   83   84   85   86   87   88   89   90   91   92   93   94   95   96   97 
 418  347  276  214  221  141  151  102  124   87  105   67   77   67   55   51 
  98   99  100  101  102  103 
  13   26    5   10    2    2 

count of 1 values: mean 16.43564  variance 72.45802 

sum sq counts: mean 1294.318  variance 58992.98 

final counts: 14 37 7 6 

   user  system elapsed 
  3.926   0.000   3.926 
     [,1] [,2] [,3] [,4] [,5] [,6] [,7] [,8]
[1,]    2    2    2    3    2    4    1    4
[2,]    4    1    2    2    2    1    1    4
[3,]    1    1    2    2    2    1    3    2
[4,]    2    2    2    2    2    2    2    2
[5,]    3    2    2    2    2    2    2    1
[6,]    3    2    1    1    2    2    2    2
[7,]    2    3    4    3    2    1    1    2
[8,]    2    2    2    3    2    1    1    4

ST, Checkerboard:
self transition frequency: 0.2278594 
average self transition probability: 0.2285843 
minimum self transition probability: 0.2281795 
fraction of time max pr > 1/2: 0.4015938 

equal neighbors: mean 61.80595  variance 69.47796 
eq
  31   32   35   36   37   38   39   40   41   42   43   44   45   46   47   48 
   1    2    4   11   15   24   40   70  136  197  264  380  565  755 1079 1297 
  49   50   51   52   53   54   55   56   57   58   59   60   61   62   63   64 
1765 2230 2649 3336 3963 4580 5145 5670 6034 6379 6374 6571 6458 6373 6137 5923 
  65   66   67   68   69   70   71   72   73   74   75   76   77   78   79   80 
5303 4960 4632 4045 3767 3233 2873 2384 1996 1673 1440 1303 1009  757  812  559 
  81   82   83   84   85   86   87   88   89   90   91   92   93   94   95   96 
 468  410  253  235  219  202  155  157   74  112   46   65   46   76   39   41 
  97   98   99  100  101  102  103  104  105  106  107  108  109  110 
  26   23   18   21   36   19   22    5   20   16    1    8    9    5 

count of 1 values: mean 16.0237  variance 68.09313 

sum sq counts: mean 1289.882  variance 63299.03 

final counts: 28 2 30 4 

   user  system elapsed 
  3.530   0.004   3.534 
     [,1] [,2] [,3] [,4] [,5] [,6] [,7] [,8]
[1,]    3    3    1    1    4    1    1    1
[2,]    1    1    4    1    1    1    1    1
[3,]    1    1    3    3    3    3    3    1
[4,]    1    1    3    3    3    3    3    3
[5,]    1    1    3    3    3    3    3    3
[6,]    1    4    3    3    3    1    3    3
[7,]    1    3    1    3    1    3    2    1
[8,]    3    3    1    1    4    3    2    1

ST, Random order:
self transition frequency: 0.2302578 
average self transition probability: 0.2299129 
minimum self transition probability: 0.229458 
fraction of time max pr > 1/2: 0.4030391 

equal neighbors: mean 61.93117  variance 69.52676 
eq
  32   33   34   35   37   38   39   40   41   42   43   44   45   46   47   48 
   1    1    1    1    7   15   28   46  106  179  250  398  505  746  970 1352 
  49   50   51   52   53   54   55   56   57   58   59   60   61   62   63   64 
1804 2279 2818 3256 4037 4367 4932 5308 5732 6180 6394 6603 6449 6348 6257 5971 
  65   66   67   68   69   70   71   72   73   74   75   76   77   78   79   80 
5858 5150 4926 4283 3621 3270 2719 2364 2055 1689 1363 1172  967  860  719  505 
  81   82   83   84   85   86   87   88   89   90   91   92   93   94   95   96 
 484  451  290  276  267  197  202  168  126  117  110   87   65   47   36   26 
  97   98   99  100  101  102  103  104  105  106  107  108  110 
   9   24    1   33    7   11   18   26    2    8   10   11   29 

count of 1 values: mean 15.3498  variance 65.76387 

sum sq counts: mean 1287.269  variance 57191.44 

final counts: 52 4 3 5 

   user  system elapsed 
  3.411   0.000   3.412 
     [,1] [,2] [,3] [,4] [,5] [,6] [,7] [,8]
[1,]    1    4    1    1    1    1    1    1
[2,]    1    1    1    1    1    1    1    1
[3,]    1    1    1    1    1    1    1    1
[4,]    1    1    1    1    1    1    1    1
[5,]    1    2    1    1    1    1    2    2
[6,]    4    4    1    2    1    1    1    4
[7,]    1    3    1    1    4    1    1    1
[8,]    1    3    1    1    3    1    1    1

ST, Random order x4:
self transition frequency: 0.2262422 
average self transition probability: 0.2258483 
minimum self transition probability: 0.225652 
fraction of time max pr > 1/2: 0.39725 

equal neighbors: mean 61.77792  variance 65.27838 
eq
  32   35   36   37   38   39   40   41   42   43   44   45   46   47   48   49 
   1    1    8    4   29   32   48  114  194  252  348  512  745  965 1379 1828 
  50   51   52   53   54   55   56   57   58   59   60   61   62   63   64   65 
2275 2862 3491 3907 4339 4988 5349 5906 6287 6404 6486 6502 6668 6243 5876 5553 
  66   67   68   69   70   71   72   73   74   75   76   77   78   79   80   81 
4962 4700 4209 3844 3320 2918 2309 2024 1654 1405 1212 1089  956  837  563  482 
  82   83   84   85   86   87   88   89   90   91   92   93   94   95   96   97 
 429  260  239  211  154  166  110   77   87   60   50    6   14   18    6    4 
  98   99  100  101  102  104 
  10    3    4    3    6    3 

count of 1 values: mean 15.73502  variance 62.11797 

sum sq counts: mean 1281.106  variance 49373.39 

final counts: 16 10 21 17 

   user  system elapsed 
  3.463   0.004   3.467 
     [,1] [,2] [,3] [,4] [,5] [,6] [,7] [,8]
[1,]    3    3    4    4    2    1    1    1
[2,]    3    3    4    4    2    1    3    1
[3,]    3    4    4    4    1    1    4    4
[4,]    3    4    4    2    2    2    4    4
[5,]    2    2    2    1    1    4    4    2
[6,]    3    3    3    3    1    1    4    3
[7,]    3    3    3    3    1    1    2    3
[8,]    3    3    3    1    1    1    3    4

UDST, Random:
self transition frequency: 0.2334219 
average self transition probability: 0.2334026 
minimum self transition probability: 0.2333066 
fraction of time max pr > 1/2: 0.4084531 

equal neighbors: mean 62.28265  variance 73.87226 
eq
  32   33   34   35   36   37   38   39   40   41   42   43   44   45   46   47 
   1    3   12   11    5    8    9   36   70   95  196  283  445  625  816 1088 
  48   49   50   51   52   53   54   55   56   57   58   59   60   61   62   63 
1373 1815 2211 2581 3109 3640 4069 4660 5182 5736 5978 6137 6357 6260 6281 6155 
  64   65   66   67   68   69   70   71   72   73   74   75   76   77   78   79 
5939 5366 5067 4962 4183 3879 3443 2968 2442 2057 1888 1428 1356 1151  983  889 
  80   81   82   83   84   85   86   87   88   89   90   91   92   93   94   95 
 796  708  572  458  445  300  272  203  245  153  165  110   93   92   27   36 
  96   97   98   99  100  101  103 
  12   28   12   14    1    9    1 

count of 1 values: mean 16.00844  variance 78.44037 

sum sq counts: mean 1305.924  variance 65897.33 

final counts: 9 10 17 28 

   user  system elapsed 
  7.693   0.004   7.697 
     [,1] [,2] [,3] [,4] [,5] [,6] [,7] [,8]
[1,]    4    3    4    4    4    4    4    2
[2,]    2    2    4    4    4    1    1    2
[3,]    2    2    4    1    1    1    2    3
[4,]    2    4    4    1    1    1    3    3
[5,]    3    4    4    2    4    4    3    4
[6,]    3    3    3    3    1    4    4    4
[7,]    4    3    3    3    3    4    4    4
[8,]    4    3    3    3    4    4    4    2

UDST, Sequential:
self transition frequency: 0.2265 
average self transition probability: 0.2259072 
minimum self transition probability: 0.2255477 
fraction of time max pr > 1/2: 0.3975156 

equal neighbors: mean 61.69467  variance 70.81083 
eq
  32   34   35   36   37   38   39   40   41   42   43   44   45   46   47   48 
   1    2    6    2   14   48   86  111  151  212  315  376  568  750 1032 1415 
  49   50   51   52   53   54   55   56   57   58   59   60   61   62   63   64 
1849 2283 3014 3435 3953 4530 4990 5303 6117 6380 6541 6628 6671 6412 6149 5892 
  65   66   67   68   69   70   71   72   73   74   75   76   77   78   79   80 
5604 4970 4442 3944 3445 2991 2653 2303 2041 1658 1481 1219  978  875  619  525 
  81   82   83   84   85   86   87   88   89   90   91   92   93   94   95   96 
 459  380  299  287  264  207  158  107  112   59   63   88   69   71   85   76 
  97   98   99  100  101  102  103  104  105  106  107  108  109 
  22   46   39   22   24   20    6   14    4   19    4    7    5 

count of 1 values: mean 16.50956  variance 68.22182 

sum sq counts: mean 1288.559  variance 59614 

final counts: 9 24 26 5 

   user  system elapsed 
  7.778   0.004   7.783 
     [,1] [,2] [,3] [,4] [,5] [,6] [,7] [,8]
[1,]    2    2    2    2    4    1    1    2
[2,]    2    1    4    2    4    3    1    2
[3,]    3    3    3    3    2    2    1    4
[4,]    2    3    3    3    2    2    3    2
[5,]    3    3    3    3    3    3    3    3
[6,]    3    1    2    3    3    3    3    3
[7,]    2    3    2    2    2    1    3    2
[8,]    2    1    3    2    2    4    1    2

UDST, Shuffled Sequential:
self transition frequency: 0.2242891 
average self transition probability: 0.225415 
minimum self transition probability: 0.2261208 
fraction of time max pr > 1/2: 0.3981172 

equal neighbors: mean 61.64164  variance 65.5597 
eq
  32   33   34   35   36   37   38   39   40   41   42   43   44   45   46   47 
   1    5    4    4    7   15   22   32   49   86  133  252  352  517  803 1107 
  48   49   50   51   52   53   54   55   56   57   58   59   60   61   62   63 
1459 1802 2317 2817 3331 3914 4509 5112 5712 6166 6515 6556 6793 6576 6343 6088 
  64   65   66   67   68   69   70   71   72   73   74   75   76   77   78   79 
5757 5497 4984 4655 4066 3626 3087 2635 2374 2156 1663 1455 1134  970  722  637 
  80   81   82   83   84   85   86   87   88   89   90   91   92   93   94   95 
 521  422  471  295  265  237  180  169  131  123   83   76   88   59   13   28 
  96   97   98 
  16    5    1 

count of 1 values: mean 16.04109  variance 67.97653 

sum sq counts: mean 1283.77  variance 53877.69 

final counts: 22 13 4 25 

   user  system elapsed 
  7.858   0.004   7.861 
     [,1] [,2] [,3] [,4] [,5] [,6] [,7] [,8]
[1,]    4    4    4    4    3    3    1    1
[2,]    4    4    4    4    2    1    1    2
[3,]    4    4    4    4    1    1    4    2
[4,]    4    4    2    1    1    1    2    1
[5,]    4    2    2    4    1    1    1    1
[6,]    2    2    2    4    3    1    1    1
[7,]    2    2    4    4    4    1    1    2
[8,]    4    4    4    1    1    1    3    4

UDST, Checkerboard:
self transition frequency: 0.2287891 
average self transition probability: 0.2290797 
minimum self transition probability: 0.2297174 
fraction of time max pr > 1/2: 0.4040156 

equal neighbors: mean 61.82797  variance 67.84947 
eq
  30   31   32   34   35   36   37   38   39   40   41   42   43   44   45   46 
   1    1    1    2    2    6   10   20   46   88  113  167  228  346  485  681 
  47   48   49   50   51   52   53   54   55   56   57   58   59   60   61   62 
 974 1353 1738 2215 2828 3410 4067 4644 5223 5553 6068 6278 6405 6515 6466 6371 
  63   64   65   66   67   68   69   70   71   72   73   74   75   76   77   78 
5875 5756 5371 4938 4570 4351 3617 3384 2812 2479 2115 1774 1428 1145 1024  931 
  79   80   81   82   83   84   85   86   87   88   89   90   91   92   93   94 
 717  615  491  361  360  292  234  169  162  166   88   86   49   57   45   35 
  95   96   97   98   99  100  101  102  103  104 
  62   30    8   32   13   11   12   17    9    4 

count of 1 values: mean 16.26966  variance 71.66771 

sum sq counts: mean 1292.291  variance 57705.24 

final counts: 10 32 5 17 

   user  system elapsed 
  7.817   0.000   7.817 
     [,1] [,2] [,3] [,4] [,5] [,6] [,7] [,8]
[1,]    2    2    2    4    4    4    2    2
[2,]    2    2    1    4    4    4    2    2
[3,]    4    4    4    4    1    2    4    2
[4,]    3    4    4    2    2    2    2    2
[5,]    1    1    4    2    2    2    2    2
[6,]    4    1    1    1    2    1    2    1
[7,]    1    2    3    4    2    2    2    2
[8,]    4    2    2    3    3    3    2    2

UDST, Random order:
self transition frequency: 0.2325469 
average self transition probability: 0.2326142 
minimum self transition probability: 0.2324732 
fraction of time max pr > 1/2: 0.4074219 

equal neighbors: mean 62.19604  variance 67.13101 
eq
  32   33   34   35   36   37   38   39   40   41   42   43   44   45   46   47 
   1    2    1    1    1    3   20   44   59   74  117  213  363  558  781 1003 
  48   49   50   51   52   53   54   55   56   57   58   59   60   61   62   63 
1362 1634 2218 2460 3118 3647 4153 4843 5092 5596 5915 6036 6495 6704 6400 6220 
  64   65   66   67   68   69   70   71   72   73   74   75   76   77   78   79 
6137 5693 5176 4801 4337 4073 3637 3244 2616 2150 1867 1572 1315 1047  922  768 
  80   81   82   83   84   85   86   87   88   89   90   91   92   93   94   95 
 668  565  399  372  270  252  201  178  168  113  107   36   66   23   18   18 
  96   97   98   99  100  101  102  103 
   1    7    6    5   11   11    9    7 

count of 1 values: mean 15.53213  variance 70.56146 

sum sq counts: mean 1301.545  variance 57964.2 

final counts: 21 15 16 12 

   user  system elapsed 
  7.684   0.004   7.689 
     [,1] [,2] [,3] [,4] [,5] [,6] [,7] [,8]
[1,]    4    4    2    4    1    2    1    1
[2,]    1    1    1    4    3    2    2    1
[3,]    1    1    1    3    3    3    3    1
[4,]    1    1    3    3    3    4    2    1
[5,]    1    1    4    3    3    2    2    2
[6,]    3    3    4    4    4    2    2    1
[7,]    3    3    2    2    3    1    2    3
[8,]    4    4    4    2    2    1    1    1

UDST, Random order x4:
self transition frequency: 0.2287109 
average self transition probability: 0.2283781 
minimum self transition probability: 0.2285012 
fraction of time max pr > 1/2: 0.4021016 

equal neighbors: mean 61.90606  variance 63.04118 
eq
  31   32   33   35   37   38   39   40   41   42   43   44   45   46   47   48 
   4    1    1    2    7   10   23   49   83  118  199  307  472  580  938 1225 
  49   50   51   52   53   54   55   56   57   58   59   60   61   62   63   64 
1613 2045 2631 3176 3791 4358 4922 5553 6018 6426 6493 6628 6492 6554 6620 6446 
  65   66   67   68   69   70   71   72   73   74   75   76   77   78   79   80 
5811 5418 5041 4352 3840 3368 2836 2488 1889 1599 1356 1061  892  738  600  473 
  81   82   83   84   85   86   87   88   89   90   91   92   93   94   95   96 
 389  276  242  195  154  156  147  138  130  138  124   64   99   55   48   30 
  97   98   99  100  101  102 
  21   18    9   14    1    5 

count of 1 values: mean 16.26397  variance 69.08877 

sum sq counts: mean 1285.259  variance 55647.83 

final counts: 13 10 5 36 

   user  system elapsed 
  7.741   0.000   7.741 
     [,1] [,2] [,3] [,4] [,5] [,6] [,7] [,8]
[1,]    4    4    4    4    2    2    2    1
[2,]    4    4    1    4    3    4    4    4
[3,]    4    4    4    1    1    4    4    2
[4,]    4    1    1    1    3    4    2    1
[5,]    1    4    4    1    4    3    2    1
[6,]    4    4    4    4    4    1    4    4
[7,]    4    4    4    4    1    3    4    2
[8,]    4    4    4    4    3    2    2    2

FSS, Random:
self transition frequency: 0.2331016 
average self transition probability: 0.2333092 
minimum self transition probability: 0.2266632 
fraction of time max pr > 1/2: 0.3991797 

equal neighbors: mean 61.72547  variance 63.39497 
eq
  29   30   31   32   33   34   35   36   37   38   39   40   41   42   43   44 
   2    2    7    9    7    9    4    2    2    7   24   36   62  116  159  278 
  45   46   47   48   49   50   51   52   53   54   55   56   57   58   59   60 
 443  686 1021 1300 1695 2200 2648 3301 3883 4511 5214 5718 6193 6363 6528 6694 
  61   62   63   64   65   66   67   68   69   70   71   72   73   74   75   76 
6688 6595 6704 6037 5642 5302 4748 4117 3874 3184 2780 2288 1824 1579 1350 1039 
  77   78   79   80   81   82   83   84   85   86   87   88   89   90   91   92 
 824  672  601  460  472  393  250  249  212  210  131  101   94   38   55   57 
  93   94   95   96   97   98   99  100  101  102  103  104  105  106  107 
  36   26   35   29   33   34    8   21   36   18    4   10    4    9    3 

count of 1 values: mean 16.41539  variance 68.91377 

sum sq counts: mean 1277.545  variance 51667.35 

final counts: 1 22 12 29 

   user  system elapsed 
  1.604   0.004   1.607 
     [,1] [,2] [,3] [,4] [,5] [,6] [,7] [,8]
[1,]    2    4    2    3    3    3    3    2
[2,]    4    4    4    4    3    2    2    4
[3,]    4    4    4    4    4    3    4    4
[4,]    4    4    4    4    4    3    4    4
[5,]    4    4    4    2    3    2    4    4
[6,]    2    2    4    4    3    2    2    2
[7,]    2    2    2    2    2    2    3    1
[8,]    2    4    2    2    4    3    3    2

FSS, Sequential:
self transition frequency: 0.2346719 
average self transition probability: 0.2349541 
minimum self transition probability: 0.2286556 
fraction of time max pr > 1/2: 0.4022656 

equal neighbors: mean 61.63788  variance 66.22138 
eq
  32   35   36   37   38   39   40   41   42   43   44   45   46   47   48   49 
   1    2    1    9   17   46   81  116  150  245  385  562  840 1148 1478 1846 
  50   51   52   53   54   55   56   57   58   59   60   61   62   63   64   65 
2313 2806 3399 3954 4463 5043 5576 5952 6262 6316 6669 6763 6612 6399 5942 5387 
  66   67   68   69   70   71   72   73   74   75   76   77   78   79   80   81 
5061 4650 3883 3552 3052 2648 2503 2014 1562 1477 1204  928  772  670  598  412 
  82   83   84   85   86   87   88   89   90   91   92   93   94   95   96   97 
 423  340  314  222  218  161  117  110   83   40   56   16   40   23   23    4 
  98   99  100  101  102  103  105  106  107 
   5   15    6    2    2    8    1    1    1 

count of 1 values: mean 16.00113  variance 64.08037 

sum sq counts: mean 1281.427  variance 57270.45 

final counts: 22 21 12 9 

   user  system elapsed 
  1.574   0.000   1.573 
     [,1] [,2] [,3] [,4] [,5] [,6] [,7] [,8]
[1,]    1    2    2    4    4    4    4    4
[2,]    1    2    2    1    3    2    2    1
[3,]    1    1    1    2    2    4    2    2
[4,]    1    1    2    2    3    2    2    2
[5,]    1    2    2    2    3    2    2    1
[6,]    1    3    1    3    3    3    4    1
[7,]    1    4    1    1    2    3    3    1
[8,]    1    1    1    4    3    3    3    1

FSS, Shuffled Sequential:
self transition frequency: 0.2312734 
average self transition probability: 0.23227 
minimum self transition probability: 0.2257146 
fraction of time max pr > 1/2: 0.3976484 

equal neighbors: mean 61.50492  variance 67.3153 
eq
  33   35   36   37   38   39   40   41   42   43   44   45   46   47   48   49 
   1    3   16   20   24   52   87  160  248  307  433  563  822 1130 1483 1950 
  50   51   52   53   54   55   56   57   58   59   60   61   62   63   64   65 
2380 2849 3425 3873 4636 5133 5712 6169 6678 6537 6535 6370 6375 6202 5840 5448 
  66   67   68   69   70   71   72   73   74   75   76   77   78   79   80   81 
5068 4371 3883 3505 3001 2573 2050 1886 1526 1414 1200 1015  870  746  711  544 
  82   83   84   85   86   87   88   89   90   91   92   93   94   95   96   97 
 444  394  266  203  196  201  138   82   62   44   65   17   13   15   10    7 
  98  100  104 
   7    5    7 

count of 1 values: mean 15.31898  variance 59.37534 

sum sq counts: mean 1282.446  variance 52612.25 

final counts: 12 14 21 17 

   user  system elapsed 
  1.578   0.000   1.578 
     [,1] [,2] [,3] [,4] [,5] [,6] [,7] [,8]
[1,]    1    1    2    2    2    2    3    4
[2,]    1    1    1    2    1    3    3    3
[3,]    2    3    3    3    3    3    3    3
[4,]    2    4    1    3    3    3    2    3
[5,]    2    1    4    4    1    2    2    2
[6,]    3    4    4    4    1    4    4    3
[7,]    4    4    1    4    4    4    3    3
[8,]    1    2    2    3    4    4    4    3

FSS, Checkerboard:
self transition frequency: 0.234875 
average self transition probability: 0.2341121 
minimum self transition probability: 0.2273762 
fraction of time max pr > 1/2: 0.4000234 

equal neighbors: mean 61.8038  variance 65.46034 
eq
  32   35   36   37   38   39   40   41   42   43   44   45   46   47   48   49 
   3    1    2    4    8   38   43   90  126  265  348  506  726 1010 1354 1728 
  50   51   52   53   54   55   56   57   58   59   60   61   62   63   64   65 
2302 2814 3298 3832 4410 5057 5689 5969 6273 6540 6713 6819 6354 6024 5711 5232 
  66   67   68   69   70   71   72   73   74   75   76   77   78   79   80   81 
5031 4668 4297 3877 3402 2817 2645 2074 1810 1406 1220  889  784  635  585  456 
  82   83   84   85   86   87   88   89   90   91   92   93   94   95   96   97 
 416  310  237  223  213  164   97  102   70   48   20   45   25   33   18   41 
  98   99  100  101  102  103  105  107 
   8   10   13    2    7    4    2    7 

count of 1 values: mean 16.08895  variance 68.4984 

sum sq counts: mean 1282.716  variance 55360.64 

final counts: 11 13 22 18 

   user  system elapsed 
  1.587   0.004   1.591 
     [,1] [,2] [,3] [,4] [,5] [,6] [,7] [,8]
[1,]    3    3    3    4    4    1    3    3
[2,]    3    3    3    3    4    4    1    4
[3,]    2    3    1    3    4    2    2    2
[4,]    3    4    4    2    2    2    2    4
[5,]    3    4    4    3    2    2    2    4
[6,]    1    1    1    3    3    2    2    3
[7,]    1    1    1    1    4    4    3    4
[8,]    3    3    1    4    4    4    3    3

FSS, Random order:
self transition frequency: 0.2314922 
average self transition probability: 0.2314131 
minimum self transition probability: 0.2244863 
fraction of time max pr > 1/2: 0.3958125 

equal neighbors: mean 61.69266  variance 66.6856 
eq
  31   32   33   34   35   36   37   38   39   40   41   42   43   44   45   46 
   1    2    2    9    6   11   18   13   39   51  107  170  259  365  510  720 
  47   48   49   50   51   52   53   54   55   56   57   58   59   60   61   62 
 938 1237 1767 2244 2759 3368 3989 4675 5291 5769 6334 6703 6814 6714 6597 6578 
  63   64   65   66   67   68   69   70   71   72   73   74   75   76   77   78 
5907 5625 5167 4809 4312 3968 3566 3203 2726 2179 1953 1694 1493 1285 1069  876 
  79   80   81   82   83   84   85   86   87   88   89   90   91   92   93   94 
 741  581  532  425  312  311  193  201  168  135  113   75   63   77   50   28 
  95   96   97   98   99  100  101  102  103  105 
  33   17   16    9   10    3    3    9    1    2 

count of 1 values: mean 15.76898  variance 61.84471 

sum sq counts: mean 1276.177  variance 55680 

final counts: 10 17 13 24 

   user  system elapsed 
  1.576   0.004   1.581 
     [,1] [,2] [,3] [,4] [,5] [,6] [,7] [,8]
[1,]    2    2    4    2    3    3    3    3
[2,]    2    2    2    1    1    2    3    3
[3,]    4    2    2    2    4    4    3    4
[4,]    4    1    4    4    4    4    4    4
[5,]    4    2    2    4    4    2    4    4
[6,]    4    2    2    2    3    1    2    4
[7,]    1    4    4    1    3    1    1    1
[8,]    3    1    4    4    3    3    4    3

FSS, Random order x4:
self transition frequency: 0.2301719 
average self transition probability: 0.2305541 
minimum self transition probability: 0.2242654 
fraction of time max pr > 1/2: 0.3954063 

equal neighbors: mean 61.39241  variance 66.04858 
eq
  31   32   33   34   35   36   37   38   39   40   41   42   43   44   45   46 
   1    2    3    1   12   13   36   43   50   64  131  185  306  389  544  712 
  47   48   49   50   51   52   53   54   55   56   57   58   59   60   61   62 
1060 1526 1924 2475 3081 3660 4225 4766 5190 5694 6006 6248 6444 6563 6624 6791 
  63   64   65   66   67   68   69   70   71   72   73   74   75   76   77   78 
6059 5888 5252 4860 4442 3953 3443 3076 2684 2335 1996 1702 1383 1128  898  705 
  79   80   81   82   83   84   85   86   87   88   89   90   91   92   93   94 
 567  461  395  433  253  267  148  162  101  112   70   75   69   31   63   40 
  95   96   97   98   99  100  101  102  103  104  106  108 
  39   38   21   31    6   19    8    2    3    3    5    5 

count of 1 values: mean 16.40172  variance 67.35318 

sum sq counts: mean 1272.976  variance 54010.91 

final counts: 4 7 42 11 

   user  system elapsed 
  1.584   0.000   1.584 
     [,1] [,2] [,3] [,4] [,5] [,6] [,7] [,8]
[1,]    4    3    3    3    3    3    3    3
[2,]    1    3    3    3    3    2    3    3
[3,]    4    3    3    3    3    3    3    3
[4,]    3    3    3    2    3    3    3    3
[5,]    2    3    3    3    4    3    2    2
[6,]    3    3    4    4    1    1    3    2
[7,]    3    4    4    3    3    3    3    3
[8,]    3    1    4    4    4    3    4    2

ZFSS, Random:
self transition frequency: 0.2290078 
average self transition probability: 0.2298326 
minimum self transition probability: 0.2304098 
fraction of time max pr > 1/2: 0.4043203 

equal neighbors: mean 62.09186  variance 65.18234 
eq
  32   33   35   36   37   38   39   40   41   42   43   44   45   46   47   48 
   1    1    4    8   18   22   44   72   85  150  181  269  462  699  895 1311 
  49   50   51   52   53   54   55   56   57   58   59   60   61   62   63   64 
1599 2101 2560 3097 3762 4162 4884 5160 5764 6131 6373 6837 6716 6699 6490 5950 
  65   66   67   68   69   70   71   72   73   74   75   76   77   78   79   80 
5700 5342 4795 4171 3778 3474 2965 2603 2187 1893 1498 1285 1094  838  681  535 
  81   82   83   84   85   86   87   88   89   90   91   92   93   94   95   96 
 444  409  388  291  245  119  126  115  100   50   61   65   27   44   44   43 
  97   98   99  100  103 
  22   21   24   15    1 

count of 1 values: mean 16.24714  variance 64.41914 

sum sq counts: mean 1282.968  variance 52632.87 

final counts: 17 2 11 34 

   user  system elapsed 
  1.646   0.008   1.655 
     [,1] [,2] [,3] [,4] [,5] [,6] [,7] [,8]
[1,]    1    4    1    3    4    4    4    3
[2,]    4    4    4    4    1    1    4    3
[3,]    1    1    1    3    1    1    4    2
[4,]    3    1    4    4    3    4    4    4
[5,]    3    1    4    4    3    4    4    4
[6,]    1    1    1    4    4    4    4    4
[7,]    1    1    3    4    4    4    4    4
[8,]    2    3    3    4    4    4    4    1

ZFSS, Sequential:
self transition frequency: 0.2314297 
average self transition probability: 0.2311177 
minimum self transition probability: 0.2307267 
fraction of time max pr > 1/2: 0.4053672 

equal neighbors: mean 62.08716  variance 67.9548 
eq
  32   33   35   37   38   39   40   41   42   43   44   45   46   47   48   49 
   2    1    3    5   11   25   42   81  112  191  347  505  749  960 1315 1689 
  50   51   52   53   54   55   56   57   58   59   60   61   62   63   64   65 
2148 2593 3100 3765 4447 4982 5574 6094 6251 6021 6385 6430 6118 6384 5945 5659 
  66   67   68   69   70   71   72   73   74   75   76   77   78   79   80   81 
5066 5002 4372 3903 3344 2961 2564 2175 1777 1473 1229 1123  852  666  572  534 
  82   83   84   85   86   87   88   89   90   91   92   93   94   95   96   97 
 416  360  237  217  214  171  129  126  121   59   52   59   44   23   34   41 
  98   99  100  101  102  103  104  105 
  47   21   20   28   16    5    5    8 

count of 1 values: mean 16.5414  variance 68.39682 

sum sq counts: mean 1288.586  variance 61118.15 

final counts: 23 17 11 13 

   user  system elapsed 
  1.660   0.000   1.661 
     [,1] [,2] [,3] [,4] [,5] [,6] [,7] [,8]
[1,]    1    1    4    3    4    3    1    1
[2,]    4    1    1    1    3    1    1    1
[3,]    1    1    1    1    3    3    3    1
[4,]    4    4    2    2    2    3    3    3
[5,]    4    3    2    2    3    1    4    4
[6,]    4    2    2    2    4    4    1    2
[7,]    4    2    2    2    2    1    1    1
[8,]    2    2    2    4    2    1    1    1

ZFSS, Shuffled Sequential:
self transition frequency: 0.2340312 
average self transition probability: 0.2328267 
minimum self transition probability: 0.2320815 
fraction of time max pr > 1/2: 0.4076953 

equal neighbors: mean 62.27767  variance 68.80162 
eq
  33   34   35   36   37   38   39   40   41   42   43   44   45   46   47   48 
   1    3    5    9   15   23   33   49   87  116  166  271  415  605  842 1191 
  49   50   51   52   53   54   55   56   57   58   59   60   61   62   63   64 
1571 2019 2587 3216 3862 4511 4722 5359 5757 6196 6395 6461 6514 6535 6409 5942 
  65   66   67   68   69   70   71   72   73   74   75   76   77   78   79   80 
5639 5103 4646 4284 3739 3644 2879 2506 2096 1957 1527 1275 1115  929  757  708 
  81   82   83   84   85   86   87   88   89   90   91   92   93   94   95   96 
 558  503  404  349  296  221  222  152  131   58   62   61   39   41   24   18 
  97   98   99  100  101  102  103  104  105  106  108  110  112 
   8    5   13   19   16   25    9   13    3   14   21   21    3 

count of 1 values: mean 15.42364  variance 62.54491 

sum sq counts: mean 1300.951  variance 66332.28 

final counts: 8 40 4 12 

   user  system elapsed 
  1.636   0.000   1.636 
     [,1] [,2] [,3] [,4] [,5] [,6] [,7] [,8]
[1,]    4    4    2    2    2    2    2    2
[2,]    2    4    4    2    2    2    2    2
[3,]    1    4    1    1    2    4    3    2
[4,]    2    4    3    1    2    2    3    3
[5,]    2    2    1    1    2    2    2    2
[6,]    2    2    1    2    2    2    2    2
[7,]    2    4    4    4    2    2    2    1
[8,]    4    4    2    2    2    2    2    2

ZFSS, Checkerboard:
self transition frequency: 0.2272969 
average self transition probability: 0.228214 
minimum self transition probability: 0.2286716 
fraction of time max pr > 1/2: 0.4030313 

equal neighbors: mean 61.92217  variance 64.69015 
eq
  31   32   35   36   37   38   39   40   41   42   43   44   45   46   47   48 
   1    2    1    7   10   17   30   42   87  130  228  281  482  666  918 1345 
  49   50   51   52   53   54   55   56   57   58   59   60   61   62   63   64 
1757 2227 2772 3340 3868 4307 4989 5473 5968 6290 6411 6429 6449 6519 6326 5977 
  65   66   67   68   69   70   71   72   73   74   75   76   77   78   79   80 
5364 5164 4687 4338 3829 3534 2893 2405 1885 1880 1468 1323 1013  934  671  661 
  81   82   83   84   85   86   87   88   89   90   91   92   93   94   95   96 
 545  441  362  289  240  209  103  105   77   81   51   24   43   17    7    5 
  97 
   3 

count of 1 values: mean 15.90472  variance 63.69861 

sum sq counts: mean 1289.314  variance 52070.02 

final counts: 40 7 9 8 

   user  system elapsed 
  1.645   0.000   1.646 
     [,1] [,2] [,3] [,4] [,5] [,6] [,7] [,8]
[1,]    3    1    1    4    2    3    1    1
[2,]    2    1    1    2    2    1    1    1
[3,]    2    1    1    1    1    3    1    1
[4,]    1    1    1    1    1    3    1    1
[5,]    1    1    1    1    1    1    3    1
[6,]    1    4    4    1    2    1    1    1
[7,]    4    4    4    1    3    4    2    1
[8,]    3    1    1    1    3    3    4    1

ZFSS, Random order:
self transition frequency: 0.2294922 
average self transition probability: 0.2294928 
minimum self transition probability: 0.2289435 
fraction of time max pr > 1/2: 0.4016484 

equal neighbors: mean 61.94466  variance 66.13902 
eq
  30   31   33   34   35   36   37   38   39   40   41   42   43   44   45   46 
   1    2    3    2    4    6    9   11   38   71   88  162  223  337  495  748 
  47   48   49   50   51   52   53   54   55   56   57   58   59   60   61   62 
 968 1184 1663 2153 2789 3349 3884 4460 5023 5502 5946 6195 6267 6469 6338 6266 
  63   64   65   66   67   68   69   70   71   72   73   74   75   76   77   78 
6364 5906 5570 5259 4845 4424 3662 3162 3020 2470 2163 1776 1550 1378 1056  829 
  79   80   81   82   83   84   85   86   87   88   89   90   91   92   93   94 
 781  593  492  342  247  247  225  211  141  151  108   97   78   55   29   19 
  95   96   97   98   99  100  101  103  105  107  108 
  12    4   14   11   11    2   14    6   10    3    7 

count of 1 values: mean 14.99775  variance 56.97485 

sum sq counts: mean 1285.286  variance 54429.79 

final counts: 6 5 46 7 

   user  system elapsed 
  1.632   0.000   1.633 
     [,1] [,2] [,3] [,4] [,5] [,6] [,7] [,8]
[1,]    3    3    4    3    1    3    3    3
[2,]    2    3    2    3    1    3    3    3
[3,]    3    4    1    3    3    3    3    3
[4,]    3    1    4    3    3    3    3    3
[5,]    2    1    4    3    3    3    2    4
[6,]    3    3    3    4    3    2    3    4
[7,]    3    3    3    3    3    3    3    1
[8,]    3    3    3    3    3    3    3    3

ZFSS, Random order x4:
self transition frequency: 0.2281797 
average self transition probability: 0.2286291 
minimum self transition probability: 0.2281843 
fraction of time max pr > 1/2: 0.4023984 

equal neighbors: mean 61.77037  variance 63.6419 
eq
  29   31   33   34   35   36   37   38   39   40   41   42   43   44   45   46 
   1    1    2    1    2    6   10   10   29   59   95  172  283  392  583  721 
  47   48   49   50   51   52   53   54   55   56   57   58   59   60   61   62 
 981 1300 1690 2174 2645 3200 3834 4589 5093 5442 6048 6199 6600 6683 6537 6481 
  63   64   65   66   67   68   69   70   71   72   73   74   75   76   77   78 
6108 5873 5702 5239 4762 4342 3768 3156 2947 2294 2062 1790 1471 1174  982  845 
  79   80   81   82   83   84   85   86   87   88   89   90   91   92   93   94 
 721  596  451  442  370  250  198  165  107   79   65   43   39   19   14   15 
  95   96   97   98   99  100  101 
   1    7    9    7    4   18    2 

count of 1 values: mean 15.9183  variance 65.75544 

sum sq counts: mean 1284.589  variance 53913.46 

final counts: 11 20 3 30 

   user  system elapsed 
  1.608   0.004   1.612 
     [,1] [,2] [,3] [,4] [,5] [,6] [,7] [,8]
[1,]    4    2    4    3    4    4    4    4
[2,]    4    2    4    4    4    4    4    4
[3,]    3    4    1    1    2    4    4    4
[4,]    2    2    2    1    3    4    1    1
[5,]    1    2    4    4    4    4    1    4
[6,]    2    2    4    4    1    2    2    2
[7,]    2    2    4    4    4    2    2    2
[8,]    1    1    1    4    4    2    2    2
> 
