
R version 4.1.2 (2021-11-01) -- "Bird Hippie"
Copyright (C) 2021 The R Foundation for Statistical Computing
Platform: x86_64-pc-linux-gnu (64-bit)

R is free software and comes with ABSOLUTELY NO WARRANTY.
You are welcome to redistribute it under certain conditions.
Type 'license()' or 'licence()' for distribution details.

R is a collaborative project with many contributors.
Type 'contributors()' for more information and
'citation()' on how to cite R or R packages in publications.

Type 'demo()' for some demos, 'help()' for on-line help, or
'help.start()' for an HTML browser interface to help.
Type 'q()' to quit R.

> # DO THE 8x8 POTTS EXPERIMENTAL RUNS - SET C.
> 
> source("methods.r")
> source("scans.r")
> source("potts-8x8.r")
> source("plot.r")
> 
> rtype <- "c"
> 
> meth <- list (UNAM=trans_UNAM,
+               ZDNAM=trans_ZDNAM,
+               ST=trans_ST,
+               UDST=trans_UDST,
+               FSS=trans_FSS,
+               ZFSS=trans_ZFSS
+         )
> 
> scan <- list (Random=scan_random,
+               Sequential=scan_sequential,
+               `Shuffled Sequential`=scan_shuffled_sequential,
+               Checkerboard=scan_checkerboard,
+               `Random order`=scan_random_order,
+               `Random order x4`=scan_random_order_x4
+         )
> 
> source("potts-runs-8x8-tail.r")
Shuffle order: 57 4 39 1 34 23 43 14 18 51 33 21 53 42 46 10 7 9 15 52 37 41 25 44 58 60 55 50 54 20 6 49 36 62 40 35 28 29 26 12 59 31 8 38 24 48 32 27 22 64 2 13 30 17 11 61 3 16 56 63 45 19 47 5 

UNAM, Random:
self transition frequency: 0.3142055 
average self transition probability: 0.3141056 
minimum self transition probability: 0.2290878 
fraction of time max pr > 1/2: 0.4026415 

equal neighbors: mean 61.9527  variance 67.14073 
eq
    29     30     31     32     33     34     35     36     37     38     39 
     3      9     19     27     44    117    206    514    999   1769   3273 
    40     41     42     43     44     45     46     47     48     49     50 
  5644   9284  14528  22798  34143  50592  72202  99863 131064 171744 217223 
    51     52     53     54     55     56     57     58     59     60     61 
270077 326073 383385 442799 497621 548236 590578 622077 646323 655654 655793 
    62     63     64     65     66     67     68     69     70     71     72 
644079 619942 592302 554358 512862 467014 418846 375745 331086 289864 249413 
    73     74     75     76     77     78     79     80     81     82     83 
211365 180370 151399 126082 106923  87721  72652  59681  48356  39716  32688 
    84     85     86     87     88     89     90     91     92     93     94 
 26739  22452  18249  15886  12188  10280   8522   6853   5905   4599   3730 
    95     96     97     98     99    100    101    102    103    104    105 
  3246   2650   2075   1676   1494   1305    958    824    525    422    367 
   106    107    108    109    110    111    112    113    114    115    116 
   286    264    215    213    221     79    153     56     61     37     91 
   117    118    119    120    122    124 
    14    110      7     77     22      4 

count of 1 values: mean 15.97378  variance 65.7979 

sum sq counts: mean 1290.17  variance 57489.69 

final counts: 6 15 12 31 

    user   system  elapsed 
1043.387    1.737 1045.133 
     [,1] [,2] [,3] [,4] [,5] [,6] [,7] [,8]
[1,]    2    4    4    3    3    2    1    1
[2,]    1    4    4    4    2    2    3    1
[3,]    4    4    4    4    3    2    2    3
[4,]    4    4    4    4    1    2    2    2
[5,]    4    4    4    3    3    2    2    2
[6,]    4    4    4    3    2    2    3    3
[7,]    4    4    4    4    4    4    3    1
[8,]    4    4    4    4    3    4    4    2

UNAM, Sequential:
self transition frequency: 0.3133192 
average self transition probability: 0.3133546 
minimum self transition probability: 0.2282667 
fraction of time max pr > 1/2: 0.4015574 

equal neighbors: mean 61.8657  variance 66.1363 
eq
    31     32     33     34     35     36     37     38     39     40     41 
     1     10     26    113    226    437    873   1851   3169   5121   8878 
    42     43     44     45     46     47     48     49     50     51     52 
 14356  22320  34307  50671  71468  98756 133702 174620 222899 273098 330383 
    53     54     55     56     57     58     59     60     61     62     63 
388913 446680 503304 552588 593081 625619 649874 657636 657057 644648 623257 
    64     65     66     67     68     69     70     71     72     73     74 
591912 556337 513000 466360 418958 370812 324745 283132 242716 209233 177490 
    75     76     77     78     79     80     81     82     83     84     85 
149959 124553 103108  86158  70732  58528  48036  39878  32468  26234  21555 
    86     87     88     89     90     91     92     93     94     95     96 
 17570  14377  11577   9575   7579   6218   5142   4024   3497   2449   2231 
    97     98     99    100    101    102    103    104    105    106    107 
  1769   1438   1278   1046    878    558    607    524    341    374    315 
   108    109    110    111    112    113    114    115    116    117    118 
   171    145    100     92     65     36     55      2     17     23     11 
   119    120    122    124 
     6     16      9     39 

count of 1 values: mean 15.96883  variance 64.79532 

sum sq counts: mean 1285.031  variance 54974.23 

final counts: 25 26 5 8 

    user   system  elapsed 
1050.538    1.504 1052.045 
     [,1] [,2] [,3] [,4] [,5] [,6] [,7] [,8]
[1,]    2    2    2    4    1    1    1    1
[2,]    1    2    1    3    1    1    1    1
[3,]    1    2    2    2    2    1    1    1
[4,]    3    1    2    2    2    1    1    3
[5,]    2    2    2    1    1    1    1    1
[6,]    2    2    1    2    4    4    4    1
[7,]    2    2    2    2    4    3    4    4
[8,]    2    2    2    2    1    4    3    2

UNAM, Shuffled Sequential:
self transition frequency: 0.3145162 
average self transition probability: 0.3144667 
minimum self transition probability: 0.2294474 
fraction of time max pr > 1/2: 0.4032207 

equal neighbors: mean 61.98076  variance 66.97587 
eq
    28     29     30     31     32     33     34     35     36     37     38 
     1      1      2      7      4     27     84    195    412    920   1619 
    39     40     41     42     43     44     45     46     47     48     49 
  3023   5117   8907  13831  22046  33717  50245  71438  98065 131186 170938 
    50     51     52     53     54     55     56     57     58     59     60 
218921 270088 325800 382716 439821 495527 546509 587583 620558 644215 655374 
    61     62     63     64     65     66     67     68     69     70     71 
655204 644897 622559 592250 555840 511909 468118 421548 376360 331021 290197 
    72     73     74     75     76     77     78     79     80     81     82 
249258 214033 182907 153112 128943 105668  88686  72312  59608  50505  40997 
    83     84     85     86     87     88     89     90     91     92     93 
 33842  26952  22742  18435  15022  12298  10334   8669   7003   5459   4629 
    94     95     96     97     98     99    100    101    102    103    104 
  3993   3025   2437   2065   1603   1278   1109    757    741    644    481 
   105    106    107    108    109    110    111    112    113    114    115 
   339    310    141    201    129    143     29     88     41     43     35 
   116    117    118    120    122 
    95      5     31     13     10 

count of 1 values: mean 15.97901  variance 65.70481 

sum sq counts: mean 1289.401  variance 56743.78 

final counts: 19 16 13 16 

    user   system  elapsed 
1042.961    1.596 1044.562 
     [,1] [,2] [,3] [,4] [,5] [,6] [,7] [,8]
[1,]    3    4    2    1    1    1    2    3
[2,]    1    2    1    1    1    1    3    1
[3,]    1    2    1    1    1    2    1    2
[4,]    3    2    4    4    4    4    1    2
[5,]    4    3    2    4    4    4    1    2
[6,]    3    3    2    4    4    4    3    2
[7,]    4    3    2    1    3    2    2    4
[8,]    4    4    2    1    3    1    3    3

UNAM, Checkerboard:
self transition frequency: 0.3135062 
average self transition probability: 0.3136545 
minimum self transition probability: 0.2286526 
fraction of time max pr > 1/2: 0.4021071 

equal neighbors: mean 61.89986  variance 66.64301 
eq
    25     27     28     29     30     31     32     33     34     35     36 
     1      1      3      6      5      7     24     50    101    201    432 
    37     38     39     40     41     42     43     44     45     46     47 
   869   1725   2826   5088   8876  14300  22921  33992  50036  71779  98055 
    48     49     50     51     52     53     54     55     56     57     58 
133128 173511 219555 271006 329149 387930 445579 502615 551947 592785 626300 
    59     60     61     62     63     64     65     66     67     68     69 
648372 657191 655302 644989 624088 595247 557441 512649 466284 418192 373883 
    70     71     72     73     74     75     76     77     78     79     80 
325469 284020 244936 208168 176790 147375 124279 103554  84992  71710  59112 
    81     82     83     84     85     86     87     88     89     90     91 
 47876  39376  32987  26775  21993  18095  14929  12523  10347   8057   6857 
    92     93     94     95     96     97     98     99    100    101    102 
  5553   4527   3690   3155   2786   2130   1804   1391   1281    997    935 
   103    104    105    106    107    108    109    110    111    112    113 
   545    640    321    352    256    239    177    148    128    107     31 
   114    115    116    118    120 
    44      1     85      4     12 

count of 1 values: mean 16.00971  variance 66.18981 

sum sq counts: mean 1287.057  variance 56561.1 

final counts: 21 8 18 17 

    user   system  elapsed 
1048.770    1.672 1050.450 
     [,1] [,2] [,3] [,4] [,5] [,6] [,7] [,8]
[1,]    1    1    1    3    3    3    3    2
[2,]    1    2    4    4    4    4    3    1
[3,]    3    3    1    4    4    2    1    1
[4,]    4    4    1    1    1    4    4    1
[5,]    4    4    4    1    1    4    4    4
[6,]    1    1    1    1    3    2    3    3
[7,]    2    1    4    3    3    2    3    3
[8,]    1    3    3    2    3    1    3    2

UNAM, Random order:
self transition frequency: 0.3137324 
average self transition probability: 0.3136626 
minimum self transition probability: 0.2285129 
fraction of time max pr > 1/2: 0.4019807 

equal neighbors: mean 61.89234  variance 65.87353 
eq
    31     32     33     34     35     36     37     38     39     40     41 
     1      3     36    106    234    517   1048   1881   3063   5296   8708 
    42     43     44     45     46     47     48     49     50     51     52 
 14582  22735  34717  50479  71733  98722 131777 171886 218049 270652 325867 
    53     54     55     56     57     58     59     60     61     62     63 
385935 443117 498628 548414 593503 626172 648509 661563 658002 647911 626663 
    64     65     66     67     68     69     70     71     72     73     74 
595482 560408 514510 470384 418736 371282 327072 284566 245257 209762 177373 
    75     76     77     78     79     80     81     82     83     84     85 
150428 125231 104353  86429  70493  57917  47821  39435  32251  25911  21511 
    86     87     88     89     90     91     92     93     94     95     96 
 17392  13854  11395   9377   7852   6326   5152   4248   3206   2671   2060 
    97     98     99    100    101    102    103    104    105    106    107 
  1742   1614   1163    938    766    673    526    392    277    241    189 
   108    109    110    111    112    113    114    115    116    117    118 
   143     99     93     71    103     41     53     14     64     67     31 
   120    121    122    124 
    10     17      4     15 

count of 1 values: mean 16.08873  variance 66.20138 

sum sq counts: mean 1285.893  variance 54431.34 

final counts: 8 24 18 14 

    user   system  elapsed 
1043.410    1.524 1044.941 
     [,1] [,2] [,3] [,4] [,5] [,6] [,7] [,8]
[1,]    2    2    2    4    3    3    3    2
[2,]    2    2    1    1    1    3    3    2
[3,]    3    2    1    1    1    2    3    3
[4,]    2    1    1    2    2    3    3    4
[5,]    4    4    4    4    4    3    3    4
[6,]    2    2    2    2    4    4    3    4
[7,]    2    2    2    3    3    2    4    2
[8,]    2    2    3    3    4    3    4    2

UNAM, Random order x4:
self transition frequency: 0.3135062 
average self transition probability: 0.3136181 
minimum self transition probability: 0.228584 
fraction of time max pr > 1/2: 0.402067 

equal neighbors: mean 61.88478  variance 66.32627 
eq
    29     30     31     32     33     34     35     36     37     38     39 
     1     11     17     32     67    134    256    542   1036   1890   3254 
    40     41     42     43     44     45     46     47     48     49     50 
  5491   9138  14948  22821  34828  51263  72199  99527 133924 174124 222379 
    51     52     53     54     55     56     57     58     59     60     61 
272514 328966 387759 444480 498214 546952 590345 622640 646460 656592 656321 
    62     63     64     65     66     67     68     69     70     71     72 
645172 624525 595446 556052 513670 467221 420611 371970 328623 285782 246364 
    73     74     75     76     77     78     79     80     81     82     83 
210577 178564 149480 124808 104240  85908  71649  59257  48161  39619  32289 
    84     85     86     87     88     89     90     91     92     93     94 
 25759  21154  17512  13346  11440   9026   7781   6181   5087   4097   3551 
    95     96     97     98     99    100    101    102    103    104    105 
  3008   2536   2123   1586   1273   1116    943    687    686    500    346 
   106    107    108    109    110    111    112    113    114    115    116 
   325    204    123     94     83     56     91     29     32      5     27 
   117    118    120    121 
    25     31     14     10 

count of 1 values: mean 16.04848  variance 66.50366 

sum sq counts: mean 1286.78  variance 55429.53 

final counts: 10 26 16 12 

    user   system  elapsed 
1039.657    1.648 1041.311 
     [,1] [,2] [,3] [,4] [,5] [,6] [,7] [,8]
[1,]    4    4    4    1    1    1    1    3
[2,]    2    4    4    3    2    2    3    2
[3,]    2    1    4    3    2    2    2    2
[4,]    2    1    1    4    2    2    2    3
[5,]    3    3    1    4    2    2    2    3
[6,]    3    3    1    2    2    4    2    3
[7,]    2    4    4    2    2    1    3    3
[8,]    2    2    4    3    2    2    3    3

ZDNAM, Random:
self transition frequency: 0.2285677 
average self transition probability: 0.2285118 
minimum self transition probability: 0.2284937 
fraction of time max pr > 1/2: 0.4020069 

equal neighbors: mean 61.87481  variance 65.80508 
eq
    30     31     32     33     34     35     36     37     38     39     40 
     1      3      6     36    100    201    405    856   1642   2915   5359 
    41     42     43     44     45     46     47     48     49     50     51 
  8901  14569  22913  34506  50884  72081  99943 133842 173583 219305 271734 
    52     53     54     55     56     57     58     59     60     61     62 
328179 386945 443832 499946 548176 592687 626099 649023 660239 659149 648123 
    63     64     65     66     67     68     69     70     71     72     73 
624457 594428 555202 511037 466851 420827 373868 328440 284162 245241 209200 
    74     75     76     77     78     79     80     81     82     83     84 
177980 150282 125052 104941  86169  70850  58591  47392  38717  31578  25867 
    85     86     87     88     89     90     91     92     93     94     95 
 21118  16750  13871  11648   9381   7602   6403   5384   3990   3272   2489 
    96     97     98     99    100    101    102    103    104    105    106 
  2180   1741   1445   1084    897    712    591    426    339    287    276 
   107    108    109    110    111    112    113    114    115    116    117 
   175    209    133     90     54     57     18     13      8     28      6 
   118    120 
     3      5 

count of 1 values: mean 15.94816  variance 65.0539 

sum sq counts: mean 1285.312  variance 54638.16 

final counts: 19 11 12 22 

   user  system elapsed 
746.552   1.424 747.981 
     [,1] [,2] [,3] [,4] [,5] [,6] [,7] [,8]
[1,]    1    1    1    1    1    1    4    1
[2,]    4    4    1    1    2    4    4    1
[3,]    4    4    2    1    1    4    4    4
[4,]    4    1    2    4    4    2    2    4
[5,]    1    3    2    4    2    1    2    1
[6,]    3    2    2    4    2    3    4    4
[7,]    3    3    3    4    3    3    4    3
[8,]    3    3    3    4    1    1    4    1

ZDNAM, Sequential:
self transition frequency: 0.228753 
average self transition probability: 0.2287255 
minimum self transition probability: 0.2286501 
fraction of time max pr > 1/2: 0.4020577 

equal neighbors: mean 61.89006  variance 66.74865 
eq
    29     30     31     32     33     34     35     36     37     38     39 
     1      5     16     22     71    141    282    481    972   1723   3214 
    40     41     42     43     44     45     46     47     48     49     50 
  5626   9243  14938  22950  34075  50793  72785 100986 133859 174711 222194 
    51     52     53     54     55     56     57     58     59     60     61 
273146 328724 387476 443989 500166 548773 592051 624209 645530 657038 656987 
    62     63     64     65     66     67     68     69     70     71     72 
644514 620383 591137 556814 511599 466588 419184 373474 328644 285259 245212 
    73     74     75     76     77     78     79     80     81     82     83 
210621 178554 149970 124533 104051  85547  70364  58297  48063  39863  32429 
    84     85     86     87     88     89     90     91     92     93     94 
 26561  22398  17877  15107  11738   9642   8056   6294   5266   4163   3676 
    95     96     97     98     99    100    101    102    103    104    105 
  2998   2329   2150   1700   1367   1157    890    808    642    572    409 
   106    107    108    109    110    111    112    113    114    115    116 
   423    223    350    175    123    129    138    103     60     22     54 
   117    118    119    120    121    122    124 
    12     25      2     23     33     11     17 

count of 1 values: mean 15.9895  variance 65.65453 

sum sq counts: mean 1287.204  variance 56352.79 

final counts: 9 16 20 19 

   user  system elapsed 
742.885   1.596 744.486 
     [,1] [,2] [,3] [,4] [,5] [,6] [,7] [,8]
[1,]    4    2    3    4    3    2    2    4
[2,]    4    3    3    3    3    2    2    4
[3,]    3    3    3    3    4    4    3    4
[4,]    3    3    1    4    4    4    3    3
[5,]    3    3    4    4    4    4    1    1
[6,]    2    4    2    4    4    1    1    2
[7,]    2    2    2    1    3    1    4    3
[8,]    1    3    2    2    2    2    2    1

ZDNAM, Shuffled Sequential:
self transition frequency: 0.2286205 
average self transition probability: 0.2286344 
minimum self transition probability: 0.2286475 
fraction of time max pr > 1/2: 0.4020391 

equal neighbors: mean 61.90855  variance 66.44317 
eq
    28     30     31     32     33     34     35     36     37     38     39 
     1      9      6     17     46     91    216    437    836   1723   3030 
    40     41     42     43     44     45     46     47     48     49     50 
  5338   9146  14238  22456  34469  50577  72069  99391 133035 173730 221266 
    51     52     53     54     55     56     57     58     59     60     61 
273342 328374 386803 442811 498511 548317 588786 620226 644887 656516 658044 
    62     63     64     65     66     67     68     69     70     71     72 
646087 621844 595133 557473 515082 467232 421838 374308 328119 284590 246274 
    73     74     75     76     77     78     79     80     81     82     83 
209533 177903 150081 125920 104617  87050  72239  58678  48568  40380  32705 
    84     85     86     87     88     89     90     91     92     93     94 
 26737  22483  18399  14981  11949   9587   7780   6339   5088   4172   3596 
    95     96     97     98     99    100    101    102    103    104    105 
  2796   2121   1775   1301   1294   1071    760    600    559    368    341 
   106    107    108    109    110    111    112    113    114    115    116 
   306    245    163    144    107     59    103     47     68     20    128 
   117    118    120    124    128 
     5     53     37     19      1 

count of 1 values: mean 15.99513  variance 65.6079 

sum sq counts: mean 1287.257  variance 55478.32 

final counts: 10 22 12 20 

   user  system elapsed 
742.888   1.364 744.257 
     [,1] [,2] [,3] [,4] [,5] [,6] [,7] [,8]
[1,]    3    3    2    2    1    4    2    4
[2,]    2    2    2    1    4    2    2    3
[3,]    2    2    3    1    4    3    2    4
[4,]    2    2    3    1    4    3    2    2
[5,]    2    2    4    4    4    4    3    3
[6,]    2    3    1    1    1    4    4    3
[7,]    2    1    4    4    4    4    4    2
[8,]    1    1    4    4    2    2    4    3

ZDNAM, Checkerboard:
self transition frequency: 0.2290864 
average self transition probability: 0.2290065 
minimum self transition probability: 0.2289774 
fraction of time max pr > 1/2: 0.402597 

equal neighbors: mean 61.93494  variance 66.62354 
eq
    29     30     31     32     33     34     35     36     37     38     39 
     2      4      9     27     56     85    211    460    948   1733   3087 
    40     41     42     43     44     45     46     47     48     49     50 
  5275   8958  14660  22736  34327  50543  71685  98987 132305 172523 218000 
    51     52     53     54     55     56     57     58     59     60     61 
270205 326259 384200 441538 497723 547871 589562 623294 644753 657604 658419 
    62     63     64     65     66     67     68     69     70     71     72 
647157 626190 591175 554989 512981 465814 421025 373710 329276 287779 248321 
    73     74     75     76     77     78     79     80     81     82     83 
210982 180909 152187 126409 105118  88042  71704  60172  49397  39611  32394 
    84     85     86     87     88     89     90     91     92     93     94 
 26799  21805  17864  14388  11689   9922   8180   6634   5381   4405   3558 
    95     96     97     98     99    100    101    102    103    104    105 
  2940   2517   2118   1653   1336   1013    921    601    528    428    399 
   106    107    108    109    110    111    112    113    114    115    116 
   259    194    268    133    206     86    104     74     66     34     57 
   117    118    120 
    15     17     17 

count of 1 values: mean 16.00597  variance 65.80051 

sum sq counts: mean 1289.038  variance 56320.8 

final counts: 12 27 14 11 

   user  system elapsed 
744.865   1.484 746.354 
     [,1] [,2] [,3] [,4] [,5] [,6] [,7] [,8]
[1,]    4    2    2    2    4    2    4    3
[2,]    3    2    2    2    2    2    2    1
[3,]    4    4    2    2    3    4    3    4
[4,]    4    2    2    1    3    3    2    1
[5,]    2    2    2    2    1    3    1    1
[6,]    3    1    1    1    2    2    1    1
[7,]    3    3    1    3    2    2    3    3
[8,]    4    2    2    2    2    4    4    3

ZDNAM, Random order:
self transition frequency: 0.2280198 
average self transition probability: 0.2280735 
minimum self transition probability: 0.228101 
fraction of time max pr > 1/2: 0.4012251 

equal neighbors: mean 61.85048  variance 66.52585 
eq
    28     29     30     31     32     33     34     35     36     37     38 
     3      3      4     10     26     46    101    285    481    940   1851 
    39     40     41     42     43     44     45     46     47     48     49 
  3302   5485   9246  14838  22969  34949  51193  72755 100000 134087 175973 
    50     51     52     53     54     55     56     57     58     59     60 
224070 274148 331323 390636 447993 503243 553716 596413 626277 647667 656674 
    61     62     63     64     65     66     67     68     69     70     71 
658607 644467 619963 590103 550545 509041 464086 416501 369724 326334 283833 
    72     73     74     75     76     77     78     79     80     81     82 
243270 207861 176706 147355 124742 104126  86956  71002  58983  48193  39389 
    83     84     85     86     87     88     89     90     91     92     93 
 32509  27092  21440  17900  14589  11502   9569   7726   6221   5381   4462 
    94     95     96     97     98     99    100    101    102    103    104 
  3643   2934   2390   1942   1749   1236   1091    856    686    585    418 
   105    106    107    108    109    110    111    112    113    114    115 
   301    292    200    157    115    145     62    102     63     39     13 
   116    117    118    120 
    55      3     26     12 

count of 1 values: mean 16.07533  variance 66.51722 

sum sq counts: mean 1285.739  variance 55415.39 

final counts: 11 27 10 16 

   user  system elapsed 
746.388   1.408 747.800 
     [,1] [,2] [,3] [,4] [,5] [,6] [,7] [,8]
[1,]    1    2    4    4    4    4    2    4
[2,]    3    2    2    1    1    4    2    4
[3,]    4    2    2    1    4    4    1    4
[4,]    3    3    4    2    2    3    3    2
[5,]    2    3    3    2    2    2    2    3
[6,]    2    2    3    2    2    2    2    1
[7,]    1    2    2    1    2    2    2    1
[8,]    3    2    4    4    4    4    1    1

ZDNAM, Random order x4:
self transition frequency: 0.2290165 
average self transition probability: 0.2289155 
minimum self transition probability: 0.2288489 
fraction of time max pr > 1/2: 0.4024322 

equal neighbors: mean 61.92749  variance 66.67061 
eq
    30     31     32     33     34     35     36     37     38     39     40 
     1      9     26     59    137    259    439    962   1763   3166   5652 
    41     42     43     44     45     46     47     48     49     50     51 
  9306  14858  23179  34520  51099  71478  99008 131842 173429 219395 270698 
    52     53     54     55     56     57     58     59     60     61     62 
326392 385166 442926 496737 547358 589967 623335 645906 655987 657272 643850 
    63     64     65     66     67     68     69     70     71     72     73 
621292 592245 555429 513662 468157 421014 375245 329486 287593 249115 211759 
    74     75     76     77     78     79     80     81     82     83     84 
178487 151110 126492 104906  87595  72212  59727  48963  40217  32658  26861 
    85     86     87     88     89     90     91     92     93     94     95 
 22011  17753  14606  12156   9627   7874   6656   5308   4244   3596   2915 
    96     97     98     99    100    101    102    103    104    105    106 
  2407   1977   1649   1251   1111    844    707    586    575    466    321 
   107    108    109    110    111    112    113    114    115    116    117 
   224    194    152    119     85     76      9     29      7     33      2 
   118    120 
     9     15 

count of 1 values: mean 15.99903  variance 65.35854 

sum sq counts: mean 1287.176  variance 55644.01 

final counts: 17 18 20 9 

   user  system elapsed 
743.204   1.392 744.600 
     [,1] [,2] [,3] [,4] [,5] [,6] [,7] [,8]
[1,]    3    2    1    1    3    3    2    2
[2,]    1    2    1    1    1    4    4    2
[3,]    2    2    1    1    1    3    3    2
[4,]    2    2    1    4    4    2    3    2
[5,]    4    4    1    1    1    1    3    2
[6,]    4    4    3    3    3    3    3    3
[7,]    1    2    3    3    3    1    2    2
[8,]    3    2    3    3    3    4    1    2

ST, Random:
self transition frequency: 0.2292277 
average self transition probability: 0.2292069 
minimum self transition probability: 0.2292185 
fraction of time max pr > 1/2: 0.4029062 

equal neighbors: mean 61.94887  variance 67.06123 
eq
    29     30     31     32     33     34     35     36     37     38     39 
     2      4      7     21     45    125    252    481    981   1769   3042 
    40     41     42     43     44     45     46     47     48     49     50 
  5453   8761  14211  22314  34310  50426  71434  98677 132605 172075 219148 
    51     52     53     54     55     56     57     58     59     60     61 
270566 327729 385979 442314 497386 546424 592219 624052 645758 657397 656087 
    62     63     64     65     66     67     68     69     70     71     72 
644963 621361 591679 551702 511551 465266 419181 373692 329236 287559 246175 
    73     74     75     76     77     78     79     80     81     82     83 
211760 178380 151207 127207 106142  88195  73896  60035  50542  41075  34174 
    84     85     86     87     88     89     90     91     92     93     94 
 27616  22946  18857  15501  12731  10364   8544   7011   5794   4721   3752 
    95     96     97     98     99    100    101    102    103    104    105 
  2933   2610   1895   1496   1128   1002    816    821    504    377    221 
   106    107    108    109    110    111    112    113    114    115    116 
   218    108    194    132    158     85    117     57     69     22     53 
   117    118    119    120    121    124 
     5     55      9     35      4      7 

count of 1 values: mean 16.10856  variance 67.52137 

sum sq counts: mean 1288.759  variance 56792.18 

final counts: 6 9 32 17 

   user  system elapsed 
767.309   1.420 768.734 
     [,1] [,2] [,3] [,4] [,5] [,6] [,7] [,8]
[1,]    3    2    3    3    4    3    3    3
[2,]    2    2    4    3    3    3    2    3
[3,]    3    3    3    3    3    3    3    3
[4,]    3    4    3    3    3    3    4    3
[5,]    2    2    1    3    3    3    4    4
[6,]    2    1    2    2    3    4    4    3
[7,]    4    3    4    4    1    4    4    1
[8,]    4    3    1    3    4    4    1    4

ST, Sequential:
self transition frequency: 0.228608 
average self transition probability: 0.2286656 
minimum self transition probability: 0.2286953 
fraction of time max pr > 1/2: 0.4021975 

equal neighbors: mean 61.89835  variance 66.28375 
eq
    29     30     31     32     33     34     35     36     37     38     39 
     2      5     16     22     47    101    224    456    884   1640   3008 
    40     41     42     43     44     45     46     47     48     49     50 
  5207   8822  14249  22542  34522  50095  71492  98065 132544 172246 220144 
    51     52     53     54     55     56     57     58     59     60     61 
271663 328276 387394 444909 499804 551098 593574 626147 649321 658344 657588 
    62     63     64     65     66     67     68     69     70     71     72 
645144 623458 593288 555234 512006 464893 419454 372255 327867 288128 245982 
    73     74     75     76     77     78     79     80     81     82     83 
209270 178731 150199 126069 103613  85351  71454  58490  48257  38780  32195 
    84     85     86     87     88     89     90     91     92     93     94 
 26750  21695  17779  14610  11965   9703   8148   6562   5186   4228   3596 
    95     96     97     98     99    100    101    102    103    104    105 
  2767   2248   1960   1409   1193   1113    973    608    548    427    342 
   106    107    108    109    110    111    112    113    114    115    116 
   387    267    179    139    173     40    160     59     54      8     78 
   117    118    120    124 
     5     28     43      1 

count of 1 values: mean 16.0314  variance 65.71837 

sum sq counts: mean 1286.758  variance 55784.62 

final counts: 12 23 21 8 

   user  system elapsed 
761.703   1.364 763.071 
     [,1] [,2] [,3] [,4] [,5] [,6] [,7] [,8]
[1,]    2    3    2    2    4    4    3    1
[2,]    2    3    4    2    2    2    1    3
[3,]    2    3    1    2    2    2    2    4
[4,]    3    3    3    3    3    2    1    1
[5,]    1    3    4    4    3    1    1    1
[6,]    3    3    3    2    2    1    1    4
[7,]    2    3    3    2    2    2    3    4
[8,]    2    3    3    2    1    2    2    3

ST, Shuffled Sequential:
self transition frequency: 0.229207 
average self transition probability: 0.2291637 
minimum self transition probability: 0.2291212 
fraction of time max pr > 1/2: 0.4028141 

equal neighbors: mean 61.9518  variance 66.77444 
eq
    30     31     32     33     34     35     36     37     38     39     40 
     3      9     14     48     97    222    502    903   1714   2960   5219 
    41     42     43     44     45     46     47     48     49     50     51 
  8944  14485  22458  33955  49566  70689  97815 130878 171994 218543 270337 
    52     53     54     55     56     57     58     59     60     61     62 
326042 384212 442448 497047 546683 590492 623583 647498 657923 656135 644964 
    63     64     65     66     67     68     69     70     71     72     73 
622582 593827 555346 515869 466503 419789 373458 328522 287318 248738 212591 
    74     75     76     77     78     79     80     81     82     83     84 
180614 152574 127915 106158  87905  71463  59386  48785  40331  32709  26932 
    85     86     87     88     89     90     91     92     93     94     95 
 21811  18244  14901  11852   9504   7989   6497   5406   4651   3853   3258 
    96     97     98     99    100    101    102    103    104    105    106 
  2637   2275   1749   1625   1267    881    855    711    540    383    260 
   107    108    109    110    111    112    113    114    115    116    117 
   286    222    112    125     37    103     19    105     32     67      9 
   118    121 
    23     14 

count of 1 values: mean 15.99896  variance 65.61913 

sum sq counts: mean 1288.345  variance 56333.58 

final counts: 9 12 25 18 

   user  system elapsed 
763.818   1.380 765.202 
     [,1] [,2] [,3] [,4] [,5] [,6] [,7] [,8]
[1,]    3    2    3    3    2    3    1    1
[2,]    3    3    3    3    3    4    1    1
[3,]    3    3    3    2    1    4    4    3
[4,]    3    3    3    2    4    2    2    1
[5,]    1    2    3    2    2    2    2    1
[6,]    1    4    3    4    4    4    4    3
[7,]    3    3    4    4    4    4    4    3
[8,]    3    3    2    4    4    4    3    4

ST, Checkerboard:
self transition frequency: 0.2288269 
average self transition probability: 0.2288707 
minimum self transition probability: 0.2288996 
fraction of time max pr > 1/2: 0.4025199 

equal neighbors: mean 61.91928  variance 66.19314 
eq
    28     29     30     31     32     33     34     35     36     37     38 
     1      2      2     17     26     56    110    219    431    924   1669 
    39     40     41     42     43     44     45     46     47     48     49 
  3085   5318   8938  14331  22556  34488  50380  71538  98672 132523 172405 
    50     51     52     53     54     55     56     57     58     59     60 
218491 270549 325885 382656 442343 497545 549113 590620 626048 646536 657856 
    61     62     63     64     65     66     67     68     69     70     71 
659285 646485 625282 592478 555679 514501 467642 420227 374852 329915 286334 
    72     73     74     75     76     77     78     79     80     81     82 
246817 211801 179110 151392 126402 104639  86717  71766  59551  48296  39482 
    83     84     85     86     87     88     89     90     91     92     93 
 32033  26754  21446  17929  14357  12110   9750   8039   6468   5300   4391 
    94     95     96     97     98     99    100    101    102    103    104 
  3594   2627   2262   1903   1476   1193    976    751    585    342    363 
   105    106    107    108    109    110    111    112    113    114    115 
   257    229    215    168     48    111     55     69     27     48     30 
   116    117    118    120    124 
    44     12      7     42      3 

count of 1 values: mean 15.97813  variance 65.73776 

sum sq counts: mean 1287.915  variance 55378.63 

final counts: 17 13 19 15 

   user  system elapsed 
768.271   1.476 769.752 
     [,1] [,2] [,3] [,4] [,5] [,6] [,7] [,8]
[1,]    4    2    4    2    3    1    4    4
[2,]    2    2    2    1    1    4    4    2
[3,]    2    2    1    3    4    3    4    3
[4,]    4    4    4    3    3    3    3    3
[5,]    4    1    1    1    3    3    3    1
[6,]    2    3    1    1    1    1    3    3
[7,]    2    4    3    1    1    1    4    3
[8,]    2    4    3    3    1    1    2    2

ST, Random order:
self transition frequency: 0.228718 
average self transition probability: 0.2287105 
minimum self transition probability: 0.22875 
fraction of time max pr > 1/2: 0.4022545 

equal neighbors: mean 61.90718  variance 66.14982 
eq
    29     30     31     32     33     34     35     36     37     38     39 
     1     11     25     46     90    127    263    510    938   1790   3274 
    40     41     42     43     44     45     46     47     48     49     50 
  5478   8975  14657  22943  34288  50106  71870  98845 131635 171446 218962 
    51     52     53     54     55     56     57     58     59     60     61 
270695 327953 385192 444103 500247 550590 592108 623790 643548 656964 654832 
    62     63     64     65     66     67     68     69     70     71     72 
643946 623818 592784 556789 515445 468766 422282 376423 330879 287956 248948 
    73     74     75     76     77     78     79     80     81     82     83 
211895 179383 150503 124190 103802  85950  70052  58721  47251  38890  31775 
    84     85     86     87     88     89     90     91     92     93     94 
 26010  21446  17368  14954  11615   9824   7759   6367   5349   4114   3563 
    95     96     97     98     99    100    101    102    103    104    105 
  2910   2319   1932   1545   1257    956    861    680    579    379    426 
   106    107    108    109    110    111    112    113    114    115    116 
   292    191    182    136     87     42     59      8     11     10     16 
   118 
     3 

count of 1 values: mean 16.01741  variance 66.03527 

sum sq counts: mean 1286.531  variance 55302 

final counts: 9 20 17 18 

   user  system elapsed 
766.827   1.424 768.262 
     [,1] [,2] [,3] [,4] [,5] [,6] [,7] [,8]
[1,]    4    4    4    1    1    2    4    4
[2,]    4    4    4    2    4    1    4    3
[3,]    3    4    3    2    2    2    4    3
[4,]    3    1    3    2    2    2    3    3
[5,]    3    4    2    2    2    1    3    2
[6,]    3    2    2    2    2    3    3    4
[7,]    3    4    4    2    2    3    3    3
[8,]    2    1    1    1    1    2    4    4

ST, Random order x4:
self transition frequency: 0.2289585 
average self transition probability: 0.2289506 
minimum self transition probability: 0.2289149 
fraction of time max pr > 1/2: 0.4025455 

equal neighbors: mean 61.9331  variance 66.13475 
eq
    30     31     32     33     34     35     36     37     38     39     40 
     1      6     16     35     86    221    481    972   1747   3272   5396 
    41     42     43     44     45     46     47     48     49     50     51 
  9180  14289  22434  34478  50280  71284  99135 132614 172753 218940 269870 
    52     53     54     55     56     57     58     59     60     61     62 
325704 382443 439099 495553 546947 588468 622976 644089 655193 655068 645237 
    63     64     65     66     67     68     69     70     71     72     73 
623244 594817 558864 516634 470986 425368 376987 332131 289437 249546 212591 
    74     75     76     77     78     79     80     81     82     83     84 
180540 150956 126419 105818  87423  71414  58561  48226  39418  31668  25997 
    85     86     87     88     89     90     91     92     93     94     95 
 21504  17277  13849  11391   9553   7470   5974   5310   4150   3492   2916 
    96     97     98     99    100    101    102    103    104    105    106 
  2280   1806   1587   1309    996    807    653    446    405    337    299 
   107    108    109    110    111    112    113    114    115    116 
   174    187    140    114     73     98     42     18     11     20 

count of 1 values: mean 16.04225  variance 66.18852 

sum sq counts: mean 1287.514  variance 55226.72 

final counts: 21 17 17 9 

   user  system elapsed 
762.546   1.372 763.923 
     [,1] [,2] [,3] [,4] [,5] [,6] [,7] [,8]
[1,]    1    3    3    2    2    1    1    1
[2,]    4    4    4    1    1    1    1    4
[3,]    2    2    1    1    4    2    3    2
[4,]    3    2    3    3    4    1    4    3
[5,]    3    3    3    1    1    1    1    3
[6,]    2    3    1    3    1    4    2    4
[7,]    2    3    2    3    3    1    2    2
[8,]    1    1    3    1    2    2    2    2

UDST, Random:
self transition frequency: 0.2285938 
average self transition probability: 0.2284996 
minimum self transition probability: 0.2284229 
fraction of time max pr > 1/2: 0.4017626 

equal neighbors: mean 61.8855  variance 65.82888 
eq
    30     31     32     33     34     35     36     37     38     39     40 
     5     10     32     66    108    236    465    907   1724   3092   5324 
    41     42     43     44     45     46     47     48     49     50     51 
  9076  14599  22733  34047  50459  71406  98759 132812 173165 220143 272316 
    52     53     54     55     56     57     58     59     60     61     62 
327826 387128 446331 500183 549106 590280 624255 648809 656788 659340 646357 
    63     64     65     66     67     68     69     70     71     72     73 
623208 591911 555802 512903 467729 419556 373025 329000 285927 246488 212211 
    74     75     76     77     78     79     80     81     82     83     84 
179759 151536 125781 105136  86872  71703  58306  47543  38986  31491  25759 
    85     86     87     88     89     90     91     92     93     94     95 
 20971  16984  13904  11374   9007   7583   6454   4880   4001   3200   2671 
    96     97     98     99    100    101    102    103    104    105    106 
  2015   1706   1269   1126    921    782    546    402    373    285    241 
   107    108    109    110    111    112    113    114    115    116    117 
   201    148     78     85     31     92     15     16      1     48      9 
   118    119    120    122 
    43      1     17      1 

count of 1 values: mean 16.04028  variance 66.39822 

sum sq counts: mean 1285.913  variance 53930.13 

final counts: 7 23 11 23 

    user   system  elapsed 
1742.705    1.652 1744.367 
     [,1] [,2] [,3] [,4] [,5] [,6] [,7] [,8]
[1,]    3    3    4    1    4    4    4    4
[2,]    3    3    2    2    2    4    1    2
[3,]    2    3    3    3    2    4    1    2
[4,]    3    3    3    2    2    4    2    2
[5,]    2    1    1    4    2    2    2    2
[6,]    1    1    2    2    3    2    2    2
[7,]    4    4    2    4    4    4    4    4
[8,]    2    4    4    4    4    4    4    4

UDST, Sequential:
self transition frequency: 0.2288972 
average self transition probability: 0.2289282 
minimum self transition probability: 0.2289543 
fraction of time max pr > 1/2: 0.4025527 

equal neighbors: mean 61.9402  variance 66.29836 
eq
    29     30     31     32     33     34     35     36     37     38     39 
     1      2      5     21     45    121    224    454    892   1580   2882 
    40     41     42     43     44     45     46     47     48     49     50 
  4974   8527  13854  21602  33243  48751  70819  97589 131506 171343 217717 
    51     52     53     54     55     56     57     58     59     60     61 
271249 328023 385103 443650 499322 550536 589155 620899 647321 659406 658303 
    62     63     64     65     66     67     68     69     70     71     72 
647044 621019 592131 554183 512878 467215 420559 375009 331177 288138 249873 
    73     74     75     76     77     78     79     80     81     82     83 
212879 179997 151765 126859 105409  88204  71847  59044  49630  39703  32819 
    84     85     86     87     88     89     90     91     92     93     94 
 26809  20865  17828  14249  11628   9306   8189   6444   5002   4140   3625 
    95     96     97     98     99    100    101    102    103    104    105 
  2853   2505   1951   1556   1162    973    755    719    460    463    413 
   106    107    108    109    110    111    112    113    114    115    116 
   329    187    187    143    168    107     89    105     83      6     71 
   117    118    120    124 
     9     13     97     10 

count of 1 values: mean 15.95755  variance 65.95745 

sum sq counts: mean 1287.466  variance 55431.15 

final counts: 11 18 18 17 

    user   system  elapsed 
1734.940    1.604 1736.554 
     [,1] [,2] [,3] [,4] [,5] [,6] [,7] [,8]
[1,]    1    4    4    4    3    2    4    4
[2,]    4    4    2    3    3    2    2    4
[3,]    4    1    1    2    2    2    4    4
[4,]    1    3    3    3    2    2    2    1
[5,]    4    3    3    3    3    2    2    2
[6,]    3    3    3    3    3    1    1    4
[7,]    2    1    4    3    2    1    4    1
[8,]    2    2    2    3    3    4    4    1

UDST, Shuffled Sequential:
self transition frequency: 0.2290543 
average self transition probability: 0.2289495 
minimum self transition probability: 0.228915 
fraction of time max pr > 1/2: 0.4025078 

equal neighbors: mean 61.92118  variance 66.44938 
eq
    28     29     30     31     32     33     34     35     36     37     38 
     3      4      9     16     20     58    140    301    543   1004   1816 
    39     40     41     42     43     44     45     46     47     48     49 
  3170   5432   9132  15037  22900  34123  49717  71555  98850 132564 173688 
    50     51     52     53     54     55     56     57     58     59     60 
219404 271228 327699 384513 441794 498934 547214 589377 621450 645773 656888 
    61     62     63     64     65     66     67     68     69     70     71 
656110 646025 623989 592755 555124 513751 467792 421952 374822 330911 287507 
    72     73     74     75     76     77     78     79     80     81     82 
247929 211518 179378 152054 126725 106016  87252  70945  58567  47820  39842 
    83     84     85     86     87     88     89     90     91     92     93 
 32347  26223  21698  17459  14528  12242   9714   7673   6459   5629   4186 
    94     95     96     97     98     99    100    101    102    103    104 
  3551   2864   2281   1916   1557   1274   1075    801    769    556    440 
   105    106    107    108    109    110    111    112    113    114    115 
   357    358    215    172    110     90     55     70     31     32      5 
   116    117    118    119    120 
    39     26      7      2     49 

count of 1 values: mean 16.04332  variance 66.39815 

sum sq counts: mean 1288.387  variance 56016.29 

final counts: 9 19 23 13 

    user   system  elapsed 
1739.754    1.640 1741.405 
     [,1] [,2] [,3] [,4] [,5] [,6] [,7] [,8]
[1,]    3    2    4    2    3    2    1    2
[2,]    3    2    4    4    3    2    1    3
[3,]    1    2    4    3    1    1    1    1
[4,]    2    3    4    4    2    2    2    2
[5,]    1    3    3    3    3    3    3    2
[6,]    1    4    3    3    4    4    3    3
[7,]    2    4    3    3    4    4    4    2
[8,]    2    3    3    3    3    2    2    2

UDST, Checkerboard:
self transition frequency: 0.2284794 
average self transition probability: 0.2285684 
minimum self transition probability: 0.2286048 
fraction of time max pr > 1/2: 0.4020039 

equal neighbors: mean 61.89917  variance 66.05986 
eq
    31     32     33     34     35     36     37     38     39     40     41 
     7     18     47     82    204    409    920   1630   2959   5350   9042 
    42     43     44     45     46     47     48     49     50     51     52 
 14509  22952  33998  51056  71922  98560 131160 171502 218128 270553 326825 
    53     54     55     56     57     58     59     60     61     62     63 
385506 444224 499707 550386 593471 624325 648777 660679 657948 647019 623254 
    64     65     66     67     68     69     70     71     72     73     74 
593472 554853 514112 468894 420749 374586 328724 287089 247067 211770 179112 
    75     76     77     78     79     80     81     82     83     84     85 
150143 124871 103900  86375  70810  58159  47596  38298  31544  25992  20869 
    86     87     88     89     90     91     92     93     94     95     96 
 17009  14017  11119   9219   7604   6263   4981   4099   3378   2960   2331 
    97     98     99    100    101    102    103    104    105    106    107 
  1711   1672   1343   1168    876    732    645    475    386    331    278 
   108    109    110    111    112    113    114    115    116    117    118 
   327    193    181    129    135     95     59     42     50     14     23 
   120    121    124 
    24     11      6 

count of 1 values: mean 15.9669  variance 65.48816 

sum sq counts: mean 1286.205  variance 55231 

final counts: 16 24 8 16 

    user   system  elapsed 
1740.810    1.832 1742.653 
     [,1] [,2] [,3] [,4] [,5] [,6] [,7] [,8]
[1,]    1    3    3    2    2    2    2    3
[2,]    1    1    4    2    2    2    2    3
[3,]    1    1    2    2    4    1    1    1
[4,]    4    4    4    2    1    1    1    1
[5,]    4    4    4    2    4    1    1    4
[6,]    4    1    3    2    4    4    2    4
[7,]    2    2    2    2    4    1    2    4
[8,]    3    3    2    2    2    2    2    3

UDST, Random order:
self transition frequency: 0.2289609 
average self transition probability: 0.2289959 
minimum self transition probability: 0.2290249 
fraction of time max pr > 1/2: 0.4026642 

equal neighbors: mean 61.92654  variance 66.44767 
eq
    29     30     31     32     33     34     35     36     37     38     39 
     2      4     13     28     66    135    259    464    956   1698   3155 
    40     41     42     43     44     45     46     47     48     49     50 
  5329   8901  14677  22768  34694  50126  70655  97815 130912 170952 218811 
    51     52     53     54     55     56     57     58     59     60     61 
269447 326698 384748 443174 499036 549051 592565 625619 647350 656678 656436 
    62     63     64     65     66     67     68     69     70     71     72 
646663 622972 592382 556644 513215 469362 422280 375240 330417 285709 245644 
    73     74     75     76     77     78     79     80     81     82     83 
211227 178567 150349 126400 105156  87254  71453  59427  48992  39609  33042 
    84     85     86     87     88     89     90     91     92     93     94 
 26049  21659  17535  14700  11824   9767   7793   6308   5366   4262   3678 
    95     96     97     98     99    100    101    102    103    104    105 
  2842   2407   1886   1529   1251    970    831    628    607    509    362 
   106    107    108    109    110    111    112    113    114    115    116 
   340    317    262    208    168    133    140    114     55     49     80 
   117    118    119    120    121    122 
    22     42      2     70      8      1 

count of 1 values: mean 16.09041  variance 66.88813 

sum sq counts: mean 1288.404  variance 56231.46 

final counts: 27 4 20 13 

    user   system  elapsed 
1741.315    1.748 1743.091 
     [,1] [,2] [,3] [,4] [,5] [,6] [,7] [,8]
[1,]    1    1    1    1    3    3    4    4
[2,]    1    1    1    3    2    1    1    1
[3,]    1    1    4    3    3    1    1    2
[4,]    1    3    1    3    1    1    4    3
[5,]    1    1    1    1    1    4    3    2
[6,]    2    1    1    1    3    4    3    3
[7,]    4    4    4    1    3    3    3    4
[8,]    4    4    3    3    3    3    3    4

UDST, Random order x4:
self transition frequency: 0.2289778 
average self transition probability: 0.2289659 
minimum self transition probability: 0.2289579 
fraction of time max pr > 1/2: 0.4026179 

equal neighbors: mean 61.93643  variance 66.63873 
eq
    28     29     30     31     32     33     34     35     36     37     38 
     1      1      3      6     14     37     90    203    498    900   1713 
    39     40     41     42     43     44     45     46     47     48     49 
  2999   5250   8725  14087  22633  34364  50177  71535  99039 132620 173048 
    50     51     52     53     54     55     56     57     58     59     60 
219748 271151 326405 384543 442523 498851 548236 591813 622827 643035 654564 
    61     62     63     64     65     66     67     68     69     70     71 
655341 643897 621582 592623 556281 514272 467233 421381 375356 329889 287735 
    72     73     74     75     76     77     78     79     80     81     82 
247683 212391 178529 151709 127171 105666  87958  72505  60215  48605  40243 
    83     84     85     86     87     88     89     90     91     92     93 
 32724  26809  21881  18253  14665  12340   9890   8326   6552   5490   4646 
    94     95     96     97     98     99    100    101    102    103    104 
  3780   2774   2429   1868   1545   1199   1008    830    543    465    392 
   105    106    107    108    109    110    111    112    113    114    115 
   322    261    212    206    192     95     70     66    128     10     23 
   116    117    118    120 
    57     23      2     20 

count of 1 values: mean 15.99401  variance 65.84217 

sum sq counts: mean 1288.266  variance 56025.2 

final counts: 11 21 7 25 

    user   system  elapsed 
1734.700    1.804 1736.512 
     [,1] [,2] [,3] [,4] [,5] [,6] [,7] [,8]
[1,]    3    1    1    4    2    2    2    3
[2,]    1    1    4    4    3    3    4    4
[3,]    4    2    4    4    2    2    4    4
[4,]    4    4    4    1    4    1    4    4
[5,]    2    2    4    4    2    4    4    4
[6,]    1    2    2    1    2    1    4    4
[7,]    2    2    3    1    1    2    2    2
[8,]    4    4    3    3    2    2    2    2

FSS, Random:
self transition frequency: 0.2361781 
average self transition probability: 0.2362153 
minimum self transition probability: 0.2293343 
fraction of time max pr > 1/2: 0.4030859 

equal neighbors: mean 61.9668  variance 67.58895 
eq
    29     30     31     32     33     34     35     36     37     38     39 
     2      1      9     29     55    120    226    474    999   1811   3110 
    40     41     42     43     44     45     46     47     48     49     50 
  5504   9047  14976  23044  34576  50322  72063  99550 132671 172487 219136 
    51     52     53     54     55     56     57     58     59     60     61 
270893 326114 384730 443392 497662 546633 587041 620435 641479 652724 653843 
    62     63     64     65     66     67     68     69     70     71     72 
642862 621308 590322 554016 513592 468266 421386 375238 330782 289303 248110 
    73     74     75     76     77     78     79     80     81     82     83 
212983 180974 152204 127047 106049  88000  73074  59460  49050  41160  33273 
    84     85     86     87     88     89     90     91     92     93     94 
 27574  22474  18485  15498  12409  10245   8376   7022   5954   5058   4199 
    95     96     97     98     99    100    101    102    103    104    105 
  3493   2858   2454   1803   1560   1303   1151    864    719    491    503 
   106    107    108    109    110    111    112    113    114    115    116 
   345    271    313    216    143    122     99    122     69     38     37 
   117    118    120    124 
    34     44     19     18 

count of 1 values: mean 15.92664  variance 65.74717 

sum sq counts: mean 1289.035  variance 57227.6 

final counts: 22 24 5 13 

   user  system elapsed 
351.610   1.276 352.888 
     [,1] [,2] [,3] [,4] [,5] [,6] [,7] [,8]
[1,]    4    3    1    2    1    2    2    2
[2,]    4    4    2    1    2    2    2    3
[3,]    4    4    4    4    4    4    2    2
[4,]    1    1    4    4    4    3    1    1
[5,]    2    1    1    1    4    3    1    1
[6,]    2    1    1    1    1    2    1    2
[7,]    2    2    1    1    1    1    3    2
[8,]    2    2    1    2    2    2    2    2

FSS, Sequential:
self transition frequency: 0.2351644 
average self transition probability: 0.2352394 
minimum self transition probability: 0.2284131 
fraction of time max pr > 1/2: 0.4018734 

equal neighbors: mean 61.87207  variance 65.46656 
eq
    30     31     32     33     34     35     36     37     38     39     40 
     4     14     22     66    101    204    411    825   1585   2944   5047 
    41     42     43     44     45     46     47     48     49     50     51 
  8571  14190  22534  34227  50365  71911  98768 132128 171796 218058 271582 
    52     53     54     55     56     57     58     59     60     61     62 
328702 386560 444285 501678 550960 595190 626032 649218 659853 659809 647667 
    63     64     65     66     67     68     69     70     71     72     73 
627059 595144 556483 513016 467153 419346 373445 329614 286542 245791 210857 
    74     75     76     77     78     79     80     81     82     83     84 
176954 150280 123680 103509  84561  70517  57249  47009  38662  31741  25409 
    85     86     87     88     89     90     91     92     93     94     95 
 20388  17124  13810  10934   9050   7629   6235   4870   3982   3355   2461 
    96     97     98     99    100    101    102    103    104    105    106 
  2113   1807   1279   1192    886    756    578    510    317    293    257 
   107    108    109    110    111    112    113    114    115    116    117 
   120    135    127    124     28     86     21     52     38     56      7 
   118    120    122    124 
    31     10      1     10 

count of 1 values: mean 16.00366  variance 65.39713 

sum sq counts: mean 1285.449  variance 54132.52 

final counts: 11 10 21 22 

   user  system elapsed 
349.878   1.264 351.143 
     [,1] [,2] [,3] [,4] [,5] [,6] [,7] [,8]
[1,]    1    1    2    4    4    4    3    2
[2,]    2    2    3    3    2    4    3    2
[3,]    2    3    3    4    1    1    3    3
[4,]    2    3    1    4    3    1    4    3
[5,]    4    4    3    4    3    1    4    3
[6,]    4    3    3    4    1    4    4    3
[7,]    2    2    4    4    4    4    3    3
[8,]    1    1    4    4    4    1    3    3

FSS, Shuffled Sequential:
self transition frequency: 0.2356772 
average self transition probability: 0.2356499 
minimum self transition probability: 0.2287815 
fraction of time max pr > 1/2: 0.402368 

equal neighbors: mean 61.91616  variance 66.68153 
eq
    29     30     31     32     33     34     35     36     37     38     39 
     1      1      5     21     57    143    272    516    950   1739   3119 
    40     41     42     43     44     45     46     47     48     49     50 
  5414   8842  14254  22386  33874  50627  71968  98805 132904 172417 219670 
    51     52     53     54     55     56     57     58     59     60     61 
271561 326155 386927 443663 499185 550449 592527 625710 648417 658117 657447 
    62     63     64     65     66     67     68     69     70     71     72 
644875 621209 592934 552142 512783 466852 419495 373272 329317 285661 246611 
    73     74     75     76     77     78     79     80     81     82     83 
209697 177543 150061 126892 104712  86843  71676  59320  49005  40492  32905 
    84     85     86     87     88     89     90     91     92     93     94 
 26681  21751  17405  14370  11872   9686   8081   6769   5374   4511   3943 
    95     96     97     98     99    100    101    102    103    104    105 
  3149   2530   2199   1773   1404   1249   1004    930    606    618    306 
   106    107    108    109    110    111    112    113    114    115    116 
   425    220    260    102    130     11     92     31     33      8     26 
   117    120 
     9      2 

count of 1 values: mean 15.95448  variance 65.58676 

sum sq counts: mean 1287.475  variance 56060.01 

final counts: 17 23 13 11 

   user  system elapsed 
349.238   1.240 350.480 
     [,1] [,2] [,3] [,4] [,5] [,6] [,7] [,8]
[1,]    2    3    3    3    3    4    1    1
[2,]    1    3    4    1    3    4    1    1
[3,]    4    4    2    4    4    3    1    3
[4,]    2    2    2    4    4    1    2    2
[5,]    2    2    2    2    1    1    1    2
[6,]    2    2    2    1    1    1    2    2
[7,]    2    2    2    1    4    1    3    3
[8,]    2    2    3    3    4    1    3    2

FSS, Checkerboard:
self transition frequency: 0.2361577 
average self transition probability: 0.2361248 
minimum self transition probability: 0.2292585 
fraction of time max pr > 1/2: 0.4029934 

equal neighbors: mean 61.9612  variance 66.76998 
eq
    30     31     32     33     34     35     36     37     38     39     40 
     4      7     20     73    141    240    492   1002   1789   3146   5407 
    41     42     43     44     45     46     47     48     49     50     51 
  9022  14505  22498  33876  50152  71035  98120 131512 171784 217952 270728 
    52     53     54     55     56     57     58     59     60     61     62 
324568 382636 442396 495496 546068 589358 621483 645324 656319 654548 641755 
    63     64     65     66     67     68     69     70     71     72     73 
623786 591786 554999 515175 469916 424867 376527 332197 288968 247744 212985 
    74     75     76     77     78     79     80     81     82     83     84 
180473 152037 126803 106030  88739  72667  59679  49378  40365  33279  26966 
    85     86     87     88     89     90     91     92     93     94     95 
 22426  17698  15329  11873  10198   7782   6439   5174   4595   3538   2937 
    96     97     98     99    100    101    102    103    104    105    106 
  2420   1937   1674   1341   1130    874    823    683    531    344    286 
   107    108    109    110    111    112    113    114    115    116    117 
   226    241     85    209     72    137     45     34      5     51     13 
   119    120    121    124 
     8      1     15      4 

count of 1 values: mean 15.98179  variance 65.74188 

sum sq counts: mean 1288.758  variance 56431.48 

final counts: 10 27 15 12 

   user  system elapsed 
351.116   1.224 352.342 
     [,1] [,2] [,3] [,4] [,5] [,6] [,7] [,8]
[1,]    2    2    2    2    4    1    3    2
[2,]    2    2    2    2    4    2    2    2
[3,]    1    2    3    3    3    2    2    3
[4,]    3    2    2    2    2    2    1    3
[5,]    1    3    4    2    4    4    1    3
[6,]    1    3    4    2    4    4    4    1
[7,]    3    4    1    2    3    1    2    3
[8,]    2    4    1    2    4    3    3    2

FSS, Random order:
self transition frequency: 0.2352777 
average self transition probability: 0.2354451 
minimum self transition probability: 0.2286692 
fraction of time max pr > 1/2: 0.402098 

equal neighbors: mean 61.89437  variance 66.79809 
eq
    26     27     28     29     30     31     32     33     34     35     36 
     1      3      2     12     22     21     48     71    131    270    502 
    37     38     39     40     41     42     43     44     45     46     47 
   987   1894   3245   5604   9248  15055  22948  35050  50921  72239 100480 
    48     49     50     51     52     53     54     55     56     57     58 
134670 174774 220876 272313 330277 387665 445835 500917 549828 590553 624544 
    59     60     61     62     63     64     65     66     67     68     69 
646244 654142 653883 642812 619185 588502 555061 512036 466450 420131 373367 
    70     71     72     73     74     75     76     77     78     79     80 
327901 286817 248075 211213 178002 149934 125037 103800  86770  71132  59498 
    81     82     83     84     85     86     87     88     89     90     91 
 48661  39609  32433  26763  22521  18079  14816  12140   9885   8334   6633 
    92     93     94     95     96     97     98     99    100    101    102 
  5475   4450   3783   2975   2450   1953   1774   1378   1084    713    708 
   103    104    105    106    107    108    109    110    111    112    113 
   495    397    201    276    218     98    146    158     41    120     62 
   114    115    116    117    118    122 
    56     21     57     22     12      5 

count of 1 values: mean 16.00286  variance 65.71329 

sum sq counts: mean 1287.268  variance 55955.56 

final counts: 5 11 21 27 

   user  system elapsed 
351.086   1.320 352.409 
     [,1] [,2] [,3] [,4] [,5] [,6] [,7] [,8]
[1,]    4    4    1    2    4    2    2    2
[2,]    4    3    4    4    4    3    1    4
[3,]    4    4    4    4    4    4    4    4
[4,]    3    2    1    4    4    4    3    4
[5,]    1    2    2    2    3    3    3    3
[6,]    2    3    3    3    3    3    3    3
[7,]    3    3    3    4    4    4    3    3
[8,]    1    2    2    4    4    4    4    3

FSS, Random order x4:
self transition frequency: 0.2354549 
average self transition probability: 0.2356094 
minimum self transition probability: 0.2287924 
fraction of time max pr > 1/2: 0.4022991 

equal neighbors: mean 61.91473  variance 66.62867 
eq
    31     32     33     34     35     36     37     38     39     40     41 
     2     15     45    108    228    477   1002   1720   3041   5326   8734 
    42     43     44     45     46     47     48     49     50     51     52 
 14139  22522  34765  50707  71970  98774 132688 172143 219119 270029 326695 
    53     54     55     56     57     58     59     60     61     62     63 
387239 444493 498923 550688 593474 625082 649440 658320 655983 643586 624837 
    64     65     66     67     68     69     70     71     72     73     74 
591548 555122 511651 466236 419352 373657 328132 285925 246159 210495 177870 
    75     76     77     78     79     80     81     82     83     84     85 
149275 124742 104303  87071  72371  58983  49054  39787  32689  27104  22142 
    86     87     88     89     90     91     92     93     94     95     96 
 18097  14872  12238  10030   8425   6574   5350   4481   3919   3068   2608 
    97     98     99    100    101    102    103    104    105    106    107 
  1917   1659   1359   1148    917    710    552    468    295    261    175 
   108    109    110    111    112    113    114    115    116    117    118 
   225    133    116     26     96     89     53     26     50     38      3 
   120 
    40 

count of 1 values: mean 15.95592  variance 65.38201 

sum sq counts: mean 1287.533  variance 56405.86 

final counts: 24 8 14 18 

   user  system elapsed 
349.503   1.296 350.800 
     [,1] [,2] [,3] [,4] [,5] [,6] [,7] [,8]
[1,]    4    1    1    1    4    3    3    4
[2,]    1    2    2    2    1    1    1    1
[3,]    1    1    1    1    1    1    1    1
[4,]    1    1    3    1    2    3    3    1
[5,]    3    1    4    2    3    3    3    3
[6,]    2    3    4    4    3    2    4    4
[7,]    3    3    1    4    4    4    4    4
[8,]    4    4    4    4    2    1    1    4

ZFSS, Random:
self transition frequency: 0.2293814 
average self transition probability: 0.2293427 
minimum self transition probability: 0.2293577 
fraction of time max pr > 1/2: 0.4030776 

equal neighbors: mean 61.98062  variance 67.07972 
eq
    29     31     32     33     34     35     36     37     38     39     40 
     1     13     35     69    141    258    482    979   1769   3089   5458 
    41     42     43     44     45     46     47     48     49     50     51 
  9075  14616  22981  34747  50467  71900  98526 130795 170429 216663 269330 
    52     53     54     55     56     57     58     59     60     61     62 
324530 381635 439871 494220 544311 587052 619125 644019 655228 655941 643358 
    63     64     65     66     67     68     69     70     71     72     73 
622468 594053 556969 515687 470732 426309 379503 333135 287738 249155 212648 
    74     75     76     77     78     79     80     81     82     83     84 
179359 151843 126982 105500  88173  72704  59789  49495  40147  32777  27208 
    85     86     87     88     89     90     91     92     93     94     95 
 22348  18887  15437  12539  10599   8665   7006   5626   4983   3704   3089 
    96     97     98     99    100    101    102    103    104    105    106 
  2660   2078   1723   1440   1130    960    726    486    504    375    359 
   107    108    109    110    111    112    113    114    115    116    117 
   201    166    150    174     77     41     36    104     14     68      1 
   118    119    120    122    124    128 
    81      2     28      4     28     14 

count of 1 values: mean 15.93641  variance 66.30524 

sum sq counts: mean 1289.641  variance 56742.95 

final counts: 4 13 21 26 

   user  system elapsed 
368.973   1.256 370.232 
     [,1] [,2] [,3] [,4] [,5] [,6] [,7] [,8]
[1,]    4    3    3    2    4    4    2    4
[2,]    3    3    3    4    4    4    4    4
[3,]    4    2    4    4    4    3    2    4
[4,]    3    3    1    4    3    3    3    3
[5,]    3    3    3    2    2    1    4    4
[6,]    3    3    1    3    2    4    4    4
[7,]    2    4    2    2    4    4    2    2
[8,]    1    3    3    4    4    4    2    3

ZFSS, Sequential:
self transition frequency: 0.2288498 
average self transition probability: 0.2287998 
minimum self transition probability: 0.2287347 
fraction of time max pr > 1/2: 0.4022543 

equal neighbors: mean 61.91085  variance 66.70488 
eq
    30     31     32     33     34     35     36     37     38     39     40 
     2      9     31     81    152    255    467    973   1704   3070   5218 
    41     42     43     44     45     46     47     48     49     50     51 
  8969  14566  22760  34563  50484  71952  98465 133394 172465 219685 272234 
    52     53     54     55     56     57     58     59     60     61     62 
327775 386658 444885 500927 549739 592654 623370 647003 657817 656480 645698 
    63     64     65     66     67     68     69     70     71     72     73 
623158 592077 552737 510935 464783 418044 371967 328634 286593 247339 211737 
    74     75     76     77     78     79     80     81     82     83     84 
178619 152012 127045 106133  86862  71106  58480  47814  39815  32358  26801 
    85     86     87     88     89     90     91     92     93     94     95 
 21634  17842  15185  11873   9576   8159   6616   5308   4246   3475   2978 
    96     97     98     99    100    101    102    103    104    105    106 
  2283   2035   1596   1347   1011    890    664    639    549    555    376 
   107    108    109    110    111    112    113    114    115    116    117 
   279    233    249    214    121    140     67     63     25     95     15 
   118    119    120    122    124    128 
     1      6     45      1     39     16 

count of 1 values: mean 16.01148  variance 65.80434 

sum sq counts: mean 1287.187  variance 55859.1 

final counts: 8 12 37 7 

   user  system elapsed 
366.577   1.240 367.820 
     [,1] [,2] [,3] [,4] [,5] [,6] [,7] [,8]
[1,]    3    3    3    3    3    3    3    3
[2,]    3    3    3    3    3    3    3    3
[3,]    2    3    3    3    3    2    3    3
[4,]    2    2    2    3    3    1    1    3
[5,]    3    2    2    3    3    1    1    4
[6,]    2    2    2    3    3    2    1    4
[7,]    3    3    3    4    4    1    4    1
[8,]    1    3    3    2    4    4    3    3

ZFSS, Shuffled Sequential:
self transition frequency: 0.2287593 
average self transition probability: 0.2288527 
minimum self transition probability: 0.2288979 
fraction of time max pr > 1/2: 0.4025128 

equal neighbors: mean 61.92391  variance 66.38326 
eq
    30     31     32     33     34     35     36     37     38     39     40 
     1     13     25     59    118    251    516    920   1757   3045   5320 
    41     42     43     44     45     46     47     48     49     50     51 
  8975  14454  22788  34138  50613  71986  99149 132327 173225 219697 270417 
    52     53     54     55     56     57     58     59     60     61     62 
326313 383831 440408 497490 545392 591124 624110 644823 658500 658321 646971 
    63     64     65     66     67     68     69     70     71     72     73 
626140 593913 555659 511986 468278 420506 375395 328942 287114 246888 211163 
    74     75     76     77     78     79     80     81     82     83     84 
179501 150886 126398 105129  86941  72649  59418  49104  40122  32662  26955 
    85     86     87     88     89     90     91     92     93     94     95 
 21862  17767  14390  11734   9349   7896   6496   5153   4509   3538   2609 
    96     97     98     99    100    101    102    103    104    105    106 
  2301   1919   1361   1118    955    771    747    564    492    393    316 
   107    108    109    110    111    112    113    114    115    116    117 
   179    226     83     85     71     82     10     36      7     75      2 
   120    121    124 
    42     15     21 

count of 1 values: mean 16.00918  variance 65.61639 

sum sq counts: mean 1287.623  variance 55719.58 

final counts: 18 7 20 19 

   user  system elapsed 
366.382   1.316 367.701 
     [,1] [,2] [,3] [,4] [,5] [,6] [,7] [,8]
[1,]    3    3    2    3    3    4    4    3
[2,]    3    3    4    3    1    4    2    3
[3,]    3    4    4    3    3    1    4    2
[4,]    3    3    4    3    3    1    1    4
[5,]    3    4    4    2    4    1    1    4
[6,]    3    1    2    1    1    1    1    4
[7,]    3    1    2    1    4    1    1    1
[8,]    4    2    1    1    3    4    4    4

ZFSS, Checkerboard:
self transition frequency: 0.2289511 
average self transition probability: 0.2290218 
minimum self transition probability: 0.2290402 
fraction of time max pr > 1/2: 0.4026101 

equal neighbors: mean 61.94576  variance 66.87132 
eq
    29     30     31     32     33     34     35     36     37     38     39 
     3      4      5     24     35     98    228    401    924   1727   3108 
    40     41     42     43     44     45     46     47     48     49     50 
  5141   8767  14158  22215  33656  49935  71408  98737 132172 172518 219239 
    51     52     53     54     55     56     57     58     59     60     61 
268878 324012 384590 442531 497939 547999 591767 624281 645990 658049 657096 
    62     63     64     65     66     67     68     69     70     71     72 
644151 623890 594419 555686 514307 468760 421241 374243 329776 287113 247237 
    73     74     75     76     77     78     79     80     81     82     83 
211326 178641 150391 126008 104320  86938  70654  59123  49238  39981  32769 
    84     85     86     87     88     89     90     91     92     93     94 
 26742  22421  18156  14948  12400  10002   8139   6871   5692   4725   3934 
    95     96     97     98     99    100    101    102    103    104    105 
  3208   2735   2213   1743   1492   1252    915    853    814    632    428 
   106    107    108    109    110    111    112    113    114    115    116 
   369    277    255    190    125    165     95    158     44     22     67 
   117    118    120    121    122 
    30     22      5     10      4 

count of 1 values: mean 15.95313  variance 65.63948 

sum sq counts: mean 1288.303  variance 56859.58 

final counts: 29 5 15 15 

   user  system elapsed 
367.029   1.272 368.304 
     [,1] [,2] [,3] [,4] [,5] [,6] [,7] [,8]
[1,]    2    1    1    3    1    1    1    2
[2,]    1    1    1    1    1    1    2    1
[3,]    1    3    3    3    3    3    4    1
[4,]    4    4    1    1    1    1    1    3
[5,]    1    4    4    2    4    3    4    1
[6,]    1    3    1    4    4    4    1    1
[7,]    1    3    3    3    1    4    4    3
[8,]    2    1    3    3    1    4    4    4

ZFSS, Random order:
self transition frequency: 0.228618 
average self transition probability: 0.2285973 
minimum self transition probability: 0.2286232 
fraction of time max pr > 1/2: 0.401953 

equal neighbors: mean 61.90146  variance 66.61472 
eq
    30     31     32     33     34     35     36     37     38     39     40 
     1      6     17     50     95    221    477    855   1639   3054   5184 
    41     42     43     44     45     46     47     48     49     50     51 
  8730  14387  22552  34311  50229  72232 100150 134329 174457 220651 272765 
    52     53     54     55     56     57     58     59     60     61     62 
328475 386646 443852 497891 547884 590365 625182 646323 656414 658008 645895 
    63     64     65     66     67     68     69     70     71     72     73 
620834 593875 555395 513669 468747 423377 375766 329686 286226 246294 210932 
    74     75     76     77     78     79     80     81     82     83     84 
176437 148099 123800 101447  85596  69613  58094  48024  39175  32131  27109 
    85     86     87     88     89     90     91     92     93     94     95 
 21478  18154  14684  12265   9790   8041   6435   5518   4306   3836   3028 
    96     97     98     99    100    101    102    103    104    105    106 
  2517   2155   1830   1565   1203   1055    972    682    650    542    430 
   107    108    109    110    111    112    113    114    115    116    117 
   324    200    222     95     63    118     62     33     34     36     16 
   118    120 
     3      5 

count of 1 values: mean 16.01091  variance 65.90637 

sum sq counts: mean 1287.342  variance 56593.08 

final counts: 15 9 26 14 

   user  system elapsed 
367.100   1.240 368.343 
     [,1] [,2] [,3] [,4] [,5] [,6] [,7] [,8]
[1,]    4    4    1    1    1    2    2    4
[2,]    4    1    1    1    2    2    4    3
[3,]    1    1    3    3    4    2    3    3
[4,]    3    2    3    3    4    1    3    1
[5,]    3    3    3    3    3    3    3    3
[6,]    4    3    3    4    3    3    1    3
[7,]    4    2    3    3    3    2    1    3
[8,]    4    4    4    1    1    2    1    4

ZFSS, Random order x4:
self transition frequency: 0.2288656 
average self transition probability: 0.2288067 
minimum self transition probability: 0.2287834 
fraction of time max pr > 1/2: 0.402255 

equal neighbors: mean 61.90816  variance 66.58736 
eq
    27     28     29     30     31     32     33     34     35     36     37 
     1      1      5      4      5     28     36    118    270    490    939 
    38     39     40     41     42     43     44     45     46     47     48 
  1722   3189   5597   9101  14559  22954  34911  51092  72290  98488 132748 
    49     50     51     52     53     54     55     56     57     58     59 
173862 219206 271944 327935 387215 444991 499224 549384 591969 622831 645814 
    60     61     62     63     64     65     66     67     68     69     70 
656071 655477 643670 622344 590819 556264 512043 466492 418545 373462 328685 
    71     72     73     74     75     76     77     78     79     80     81 
288620 248053 212722 179028 150678 126607 104365  86986  71639  58231  48617 
    82     83     84     85     86     87     88     89     90     91     92 
 40530  32117  26817  21418  17535  14626  11826   9636   7813   6535   5129 
    93     94     95     96     97     98     99    100    101    102    103 
  4235   3579   2895   2437   2020   1759   1256   1080    821    740    596 
   104    105    106    107    108    109    110    111    112    113    114 
   461    357    337    182    231    145    123     40    102     14     79 
   115    116    117    118    120    121    122    124    128 
    15     29     18     30     37      1     15     11     32 

count of 1 values: mean 16.02237  variance 66.19003 

sum sq counts: mean 1287.225  variance 56083.49 

final counts: 18 10 23 13 

   user  system elapsed 
367.124   1.340 368.466 
     [,1] [,2] [,3] [,4] [,5] [,6] [,7] [,8]
[1,]    1    3    3    4    1    3    4    4
[2,]    1    1    1    4    4    3    4    4
[3,]    1    1    1    3    3    3    3    1
[4,]    1    1    1    3    3    3    3    4
[5,]    2    1    3    3    3    3    2    2
[6,]    1    2    3    3    3    3    3    1
[7,]    2    2    1    1    4    4    4    2
[8,]    2    2    1    3    3    4    4    2
> 
