
R version 4.1.2 (2021-11-01) -- "Bird Hippie"
Copyright (C) 2021 The R Foundation for Statistical Computing
Platform: x86_64-pc-linux-gnu (64-bit)

R is free software and comes with ABSOLUTELY NO WARRANTY.
You are welcome to redistribute it under certain conditions.
Type 'license()' or 'licence()' for distribution details.

R is a collaborative project with many contributors.
Type 'contributors()' for more information and
'citation()' on how to cite R or R packages in publications.

Type 'demo()' for some demos, 'help()' for on-line help, or
'help.start()' for an HTML browser interface to help.
Type 'q()' to quit R.

> # DO THE 8x8 POTTS EXPERIMENTAL RUNS - SET B.
> 
> source("methods.r")
> source("scans.r")
> source("potts-8x8.r")
> source("plot.r")
> 
> rtype <- "b"
> 
> meth <- list (GS=trans_GS,
+               MHGS=trans_MHGS,
+               UNAM=trans_UNAM,
+               DNAM=trans_DNAM,
+               UDNAM=trans_UDNAM,
+               ZDNAM=trans_ZDNAM
+         )
> 
> scan <- list (Random=scan_random,
+               Sequential=scan_sequential,
+               `Shuffled Sequential`=scan_shuffled_sequential,
+               Checkerboard=scan_checkerboard,
+               `Random order`=scan_random_order,
+               `Random order x4`=scan_random_order_x4
+         )
> 
> source("potts-runs-8x8-tail.r")
Shuffle order: 57 4 39 1 34 23 43 14 18 51 33 21 53 42 46 10 7 9 15 52 37 41 25 44 58 60 55 50 54 20 6 49 36 62 40 35 28 29 26 12 59 31 8 38 24 48 32 27 22 64 2 13 30 17 11 61 3 16 56 63 45 19 47 5 

GS, Random:
self transition frequency: 0.4598281 
average self transition probability: 0.4582809 
minimum self transition probability: 0.2252973 
fraction of time max pr > 1/2: 0.3970547 

equal neighbors: mean 61.64123  variance 62.54323 
eq
  33   35   36   37   38   39   40   41   42   43   44   45   46   47   48   49 
   2    8    5   22   47   43   70  145  220  340  458  647  816 1022 1337 1691 
  50   51   52   53   54   55   56   57   58   59   60   61   62   63   64   65 
2261 2558 3037 3799 4193 4808 5432 6026 6284 6657 7041 7071 6749 6413 6042 5471 
  66   67   68   69   70   71   72   73   74   75   76   77   78   79   80   81 
4761 4419 4142 3780 3244 2729 2454 2140 1779 1503 1207 1013  940  747  646  418 
  82   83   84   85   86   87   88   89   90   91   92   94   95 
 307  305  209  136  136   98   64   47   25   24    5    2    5 

count of 1 values: mean 15.9826  variance 58.00556 

sum sq counts: mean 1266.929  variance 42952.87 

final counts: 5 10 19 30 

   user  system elapsed 
  1.331   0.000   1.331 
     [,1] [,2] [,3] [,4] [,5] [,6] [,7] [,8]
[1,]    4    4    4    4    4    1    4    4
[2,]    2    4    4    4    4    4    4    2
[3,]    3    3    3    3    1    4    4    2
[4,]    3    3    4    4    2    4    4    3
[5,]    3    2    3    3    2    4    3    3
[6,]    3    3    3    4    4    4    3    3
[7,]    1    4    2    3    4    2    4    3
[8,]    1    1    4    4    4    2    2    4

GS, Sequential:
self transition frequency: 0.4566094 
average self transition probability: 0.4572573 
minimum self transition probability: 0.2260979 
fraction of time max pr > 1/2: 0.3987734 

equal neighbors: mean 61.59172  variance 64.34651 
eq
  30   31   32   33   34   35   36   37   38   39   40   41   42   43   44   45 
   2    2    1    1    4    4    7   17   17   42   73   96  161  295  404  523 
  46   47   48   49   50   51   52   53   54   55   56   57   58   59   60   61 
 766 1015 1445 1919 2382 2730 3309 3982 4405 5259 5668 6090 6628 6571 6462 6393 
  62   63   64   65   66   67   68   69   70   71   72   73   74   75   76   77 
6304 5963 5745 5562 5185 4674 4261 3874 3206 2722 2342 2096 1611 1428 1190  889 
  78   79   80   81   82   83   84   85   86   87   88   89   90   91   92   93 
 689  733  564  388  409  317  221  158  128  199  123   91   78   84   57   13 
  94   95   96 
   6    4   13 

count of 1 values: mean 15.551  variance 58.88042 

sum sq counts: mean 1281.282  variance 54182.44 

final counts: 14 21 12 17 

   user  system elapsed 
  1.286   0.000   1.286 
     [,1] [,2] [,3] [,4] [,5] [,6] [,7] [,8]
[1,]    1    3    3    2    1    2    2    3
[2,]    2    1    1    3    4    4    4    4
[3,]    2    2    4    2    2    1    4    1
[4,]    4    1    2    4    2    2    2    1
[5,]    4    2    2    3    2    2    4    4
[6,]    4    2    2    2    2    4    4    4
[7,]    4    4    3    1    3    3    3    3
[8,]    1    1    2    1    1    1    3    3

GS, Shuffled Sequential:
self transition frequency: 0.46325 
average self transition probability: 0.4620194 
minimum self transition probability: 0.2320623 
fraction of time max pr > 1/2: 0.406 

equal neighbors: mean 62.19334  variance 74.44024 
eq
  28   29   30   32   33   34   35   36   37   38   39   40   41   42   43   44 
   1    1    3    4    3    2    4   23   15   40   68   93  139  204  303  440 
  45   46   47   48   49   50   51   52   53   54   55   56   57   58   59   60 
 650  726 1124 1352 1676 2070 2469 3063 3608 3970 4601 5512 6010 6339 6766 6371 
  61   62   63   64   65   66   67   68   69   70   71   72   73   74   75   76 
6397 6260 6252 5787 5672 4990 4535 4194 3438 3266 2657 2479 2087 1727 1585 1321 
  77   78   79   80   81   82   83   84   85   86   87   88   89   90   91   92 
1245 1150  857  716  541  463  419  391  272  318  224  208  190  128   90   92 
  93   94   95   96   97   98   99  100  101  102  103  104  105  106  107  108 
  84   61   32   40   45   18   20   12   31    8   16   12   10    7    1    2 

count of 1 values: mean 15.73206  variance 71.39095 

sum sq counts: mean 1309.251  variance 69382.38 

final counts: 10 3 34 17 

   user  system elapsed 
  1.267   0.000   1.268 
     [,1] [,2] [,3] [,4] [,5] [,6] [,7] [,8]
[1,]    3    3    3    3    3    4    3    3
[2,]    3    3    3    3    3    1    3    3
[3,]    3    4    4    2    2    1    3    3
[4,]    3    4    1    1    3    4    1    2
[5,]    1    3    4    4    4    4    3    3
[6,]    1    3    4    4    4    4    3    3
[7,]    1    1    4    4    3    3    3    3
[8,]    3    1    3    3    3    4    3    4

GS, Checkerboard:
self transition frequency: 0.4579063 
average self transition probability: 0.4594849 
minimum self transition probability: 0.2290283 
fraction of time max pr > 1/2: 0.4026562 

equal neighbors: mean 61.85279  variance 67.63158 
eq
  31   32   33   34   35   36   37   38   39   40   41   42   43   44   45   46 
   3    1    1   11   15   17   24   37   51   60  129  188  239  423  518  736 
  47   48   49   50   51   52   53   54   55   56   57   58   59   60   61   62 
 970 1317 1747 2263 2539 3256 3868 4474 5308 5764 5839 6294 6261 6679 6378 6297 
  63   64   65   66   67   68   69   70   71   72   73   74   75   76   77   78 
6068 5675 5357 5142 4816 4156 3720 3472 2848 2460 2119 1819 1398 1293 1104  987 
  79   80   81   82   83   84   85   86   87   88   89   90   91   92   93   94 
 716  526  449  363  330  259  179  162  127  157  122   98   48   74   73   20 
  95   96   97   98   99  100  102  106 
  46   30   16   29   23    6    4    2 

count of 1 values: mean 15.88738  variance 61.17937 

sum sq counts: mean 1287.468  variance 58080.39 

final counts: 11 24 15 14 

   user  system elapsed 
  1.323   0.000   1.323 
     [,1] [,2] [,3] [,4] [,5] [,6] [,7] [,8]
[1,]    3    3    2    2    2    3    4    3
[2,]    4    4    4    1    2    3    4    4
[3,]    4    4    1    2    3    3    4    4
[4,]    2    2    2    2    3    1    2    1
[5,]    2    2    2    2    2    1    4    1
[6,]    3    2    2    2    3    4    4    3
[7,]    1    1    2    3    2    4    1    1
[8,]    3    3    2    2    2    2    1    3

GS, Random order:
self transition frequency: 0.4618203 
average self transition probability: 0.4594013 
minimum self transition probability: 0.2286681 
fraction of time max pr > 1/2: 0.4022344 

equal neighbors: mean 61.85432  variance 67.66536 
eq
  30   31   34   36   37   38   39   40   41   42   43   44   45   46   47   48 
   1    2    3    1    8   11   24   44   60  168  217  309  518  732  996 1242 
  49   50   51   52   53   54   55   56   57   58   59   60   61   62   63   64 
1694 2304 2820 3267 4100 4316 5154 5623 6148 6434 6677 6850 6683 6391 6159 6000 
  65   66   67   68   69   70   71   72   73   74   75   76   77   78   79   80 
5165 4668 4329 3728 3715 3362 3035 2566 2030 1673 1429 1199 1000  806  738  564 
  81   82   83   84   85   86   87   88   89   90   91   92   93   94   95   96 
 592  293  375  305  275  201  195  185  113   81   72   72   55   63   30   39 
  97   98   99  100  101  102  104  105 
  22    4    9   13   21    7    8    7 

count of 1 values: mean 16.2866  variance 63.23941 

sum sq counts: mean 1293.462  variance 65336.16 

final counts: 10 10 18 26 

   user  system elapsed 
  1.309   0.000   1.309 
     [,1] [,2] [,3] [,4] [,5] [,6] [,7] [,8]
[1,]    4    1    1    1    1    3    4    4
[2,]    4    4    4    3    3    2    4    4
[3,]    4    4    4    3    3    4    1    2
[4,]    4    3    3    3    3    3    4    2
[5,]    4    3    4    3    3    3    3    2
[6,]    1    2    1    1    3    3    4    1
[7,]    4    4    1    4    4    4    4    4
[8,]    4    2    2    2    3    2    2    4

GS, Random order x4:
self transition frequency: 0.4589375 
average self transition probability: 0.4584227 
minimum self transition probability: 0.2272915 
fraction of time max pr > 1/2: 0.400375 

equal neighbors: mean 61.68602  variance 68.59251 
eq
  29   31   34   35   36   37   38   39   40   41   42   43   44   45   46   47 
   2    1    1    2   17    7   20   29   41   95  171  241  365  459  760 1106 
  48   49   50   51   52   53   54   55   56   57   58   59   60   61   62   63 
1494 1927 2540 2957 3674 4091 4372 4965 5355 5916 6510 6519 6773 6698 6384 6041 
  64   65   66   67   68   69   70   71   72   73   74   75   76   77   78   79 
5735 5125 4875 4478 4032 3492 3297 2452 2363 2064 1591 1494 1320 1171  861  728 
  80   81   82   83   84   85   86   87   88   89   90   91   92   93   94   95 
 607  533  415  355  228  161  200  164   90  115   90   80   53   50   43   29 
  96   97   98   99  100  101  102  103  104  106 
  29   39   17   35   11   12   14    2   16    1 

count of 1 values: mean 16.19223  variance 66.71346 

sum sq counts: mean 1279.753  variance 54493.55 

final counts: 9 21 20 14 

   user  system elapsed 
  1.271   0.000   1.272 
     [,1] [,2] [,3] [,4] [,5] [,6] [,7] [,8]
[1,]    3    3    1    2    1    4    4    1
[2,]    2    3    3    4    4    2    4    1
[3,]    2    3    1    1    2    2    2    2
[4,]    2    2    4    3    2    3    4    2
[5,]    1    3    2    1    2    3    2    2
[6,]    4    4    3    3    2    2    2    3
[7,]    3    4    4    2    2    1    4    3
[8,]    3    3    3    3    3    4    4    3

MHGS, Random:
self transition frequency: 0.3332812 
average self transition probability: 0.3333687 
minimum self transition probability: 0.2311094 
fraction of time max pr > 1/2: 0.4055781 

equal neighbors: mean 62.10194  variance 66.9049 
eq
  30   31   34   35   36   37   38   39   40   41   42   43   44   45   46   47 
   1    2    2    2    1   15   16   31   54   92  144  199  308  474  683  939 
  48   49   50   51   52   53   54   55   56   57   58   59   60   61   62   63 
1311 1587 2113 2570 3176 3644 4273 4985 5296 5857 6010 6567 6608 6802 6368 6308 
  64   65   66   67   68   69   70   71   72   73   74   75   76   77   78   79 
6080 5783 4947 4722 4272 4038 3428 3039 2828 2087 1811 1556 1247  921  797  676 
  80   81   82   83   84   85   86   87   88   89   90   91   92   93   94   95 
 498  348  432  361  265  204  175  170  140  114  146   66   58   56   34   62 
  96   97   98   99  100  101  102  103  104  105  106  107  108 
  40   31   16   39   17    9    7   23    3    8    4    3    1 

count of 1 values: mean 16.7433  variance 69.69788 

sum sq counts: mean 1294.691  variance 62290.97 

final counts: 18 17 10 19 

   user  system elapsed 
  2.058   0.000   2.058 
     [,1] [,2] [,3] [,4] [,5] [,6] [,7] [,8]
[1,]    4    3    3    4    2    3    1    3
[2,]    1    4    1    3    1    3    1    3
[3,]    1    1    1    2    2    2    1    1
[4,]    3    1    4    2    2    2    2    4
[5,]    4    4    1    4    2    2    2    4
[6,]    4    4    4    4    1    2    4    2
[7,]    4    4    4    4    2    2    2    2
[8,]    1    4    3    3    1    1    1    1

MHGS, Sequential:
self transition frequency: 0.3339141 
average self transition probability: 0.3321522 
minimum self transition probability: 0.2282482 
fraction of time max pr > 1/2: 0.4011328 

equal neighbors: mean 61.95227  variance 64.67865 
eq
  31   32   34   35   36   37   38   39   40   41   42   43   44   45   46   47 
   2    2    1    1    7   11   16   25   39   69  106  197  285  489  691 1026 
  48   49   50   51   52   53   54   55   56   57   58   59   60   61   62   63 
1301 1759 2275 2695 3174 3867 4443 4971 5496 5895 6239 6417 6463 6555 6569 6207 
  64   65   66   67   68   69   70   71   72   73   74   75   76   77   78   79 
5763 5486 5137 4666 4103 3852 3351 2999 2490 2253 1839 1646 1301 1013  966  664 
  80   81   82   83   84   85   86   87   88   89   90   91   92   93   94   95 
 618  517  449  295  307  250  206  207  106  100   33   28   37   13    8    3 
  96 
   1 

count of 1 values: mean 15.4253  variance 57.4319 

sum sq counts: mean 1281.613  variance 50869.93 

final counts: 24 14 12 14 

   user  system elapsed 
  2.047   0.000   2.046 
     [,1] [,2] [,3] [,4] [,5] [,6] [,7] [,8]
[1,]    2    2    2    1    3    1    1    2
[2,]    2    3    2    1    1    1    2    1
[3,]    4    4    4    4    1    1    3    4
[4,]    4    1    1    4    3    3    3    3
[5,]    4    2    3    4    1    1    1    1
[6,]    1    1    4    4    4    4    1    1
[7,]    1    1    2    3    3    2    1    1
[8,]    2    2    2    3    3    4    1    2

MHGS, Shuffled Sequential:
self transition frequency: 0.3275234 
average self transition probability: 0.3294031 
minimum self transition probability: 0.227179 
fraction of time max pr > 1/2: 0.4000703 

equal neighbors: mean 61.5679  variance 68.72025 
eq
  30   31   33   36   37   38   39   40   41   42   43   44   45   46   47   48 
   1    4    2    2   12   14   25   48   87  137  199  388  548  719 1092 1454 
  49   50   51   52   53   54   55   56   57   58   59   60   61   62   63   64 
1967 2437 2963 3571 4072 4722 5548 5824 6306 6729 6470 6677 6472 6171 6129 5462 
  65   66   67   68   69   70   71   72   73   74   75   76   77   78   79   80 
5237 4839 4144 3729 3475 2992 2554 2302 2025 1743 1508 1220  954  832  700  541 
  81   82   83   84   85   86   87   88   89   90   91   92   93   94   95   96 
 463  390  313  301  203  175  226  150  119  107   99  113   56   80   38   36 
  97   98   99  100  101  102 
  35   21   12    5   10    1 

count of 1 values: mean 16.63005  variance 75.37497 

sum sq counts: mean 1289.773  variance 62910 

final counts: 13 14 15 22 

   user  system elapsed 
  2.052   0.000   2.053 
     [,1] [,2] [,3] [,4] [,5] [,6] [,7] [,8]
[1,]    3    3    4    1    4    4    2    3
[2,]    3    3    2    1    3    3    3    4
[3,]    4    3    2    1    4    1    1    4
[4,]    4    3    2    1    2    1    4    4
[5,]    3    3    2    1    4    4    4    4
[6,]    2    4    4    1    3    2    4    3
[7,]    4    4    2    1    1    1    2    4
[8,]    2    4    2    2    4    1    2    3

MHGS, Checkerboard:
self transition frequency: 0.3253672 
average self transition probability: 0.3273222 
minimum self transition probability: 0.2257183 
fraction of time max pr > 1/2: 0.3979687 

equal neighbors: mean 61.48917  variance 69.29131 
eq
  30   31   32   33   34   36   37   38   39   40   41   42   43   44   45   46 
   1    1    1    1    1    5   11   26   54   92  146  250  356  379  580  784 
  47   48   49   50   51   52   53   54   55   56   57   58   59   60   61   62 
1091 1502 1983 2511 3080 3602 4178 4633 5064 5490 6095 6213 6354 6649 6769 6427 
  63   64   65   66   67   68   69   70   71   72   73   74   75   76   77   78 
6115 5615 5226 4797 4279 4028 3696 3141 2758 2280 2091 1681 1358 1186  949  805 
  79   80   81   82   83   84   85   86   87   88   89   90   91   92   93   94 
 626  486  407  281  237  208  215  165  198  146  101   77   70   48   56   59 
  95   96   97   98   99  100  101  102  103  104  105  106  107  108  109  110 
  21   27   35   29   20   39   13   24    5   22   21   10    9    4    3    4 

count of 1 values: mean 15.71423  variance 59.47742 

sum sq counts: mean 1279.442  variance 59631.1 

final counts: 21 4 24 15 

   user  system elapsed 
  2.106   0.000   2.105 
     [,1] [,2] [,3] [,4] [,5] [,6] [,7] [,8]
[1,]    1    1    4    3    3    1    2    1
[2,]    1    4    4    4    4    2    4    4
[3,]    1    4    4    3    3    2    4    4
[4,]    4    3    3    3    3    3    1    1
[5,]    3    3    3    3    3    3    3    1
[6,]    3    1    1    1    1    1    3    1
[7,]    4    4    1    1    3    3    3    3
[8,]    1    1    4    1    1    3    2    3

MHGS, Random order:
self transition frequency: 0.3300156 
average self transition probability: 0.3290409 
minimum self transition probability: 0.2249515 
fraction of time max pr > 1/2: 0.3967031 

equal neighbors: mean 61.51233  variance 63.46034 
eq
  29   31   33   34   35   36   37   38   39   40   41   42   43   44   45   46 
   1    1    3    2    3    6    4   26   33   53   97  136  249  390  540  700 
  47   48   49   50   51   52   53   54   55   56   57   58   59   60   61   62 
1011 1417 1955 2395 2976 3610 4187 4629 5041 5435 5847 6294 6466 6559 6613 6160 
  63   64   65   66   67   68   69   70   71   72   73   74   75   76   77   78 
6357 5921 5561 5088 4699 4419 3847 3326 2982 2273 2189 1608 1304 1109  938  651 
  79   80   81   82   83   84   85   86   87   88   89   90   91   92   93   94 
 567  478  357  283  222  146  142  120   77  108   43   62   34   15   36   12 
  95   96   97   99  100  101  102  104  105  106  107  108  109  110  112  113 
  38    6    6   26    3   20   10    4    4    2    3    9    8    4   14    5 
 114  115 
   3   22 

count of 1 values: mean 15.48905  variance 58.11046 

sum sq counts: mean 1277.771  variance 47733.48 

final counts: 16 19 11 18 

   user  system elapsed 
  2.079   0.000   2.080 
     [,1] [,2] [,3] [,4] [,5] [,6] [,7] [,8]
[1,]    1    4    2    4    3    3    3    3
[2,]    4    4    1    4    3    4    1    4
[3,]    1    1    1    3    3    1    2    1
[4,]    4    1    1    3    2    3    2    2
[5,]    2    1    1    4    4    4    2    2
[6,]    4    2    2    1    1    4    2    4
[7,]    2    2    2    4    2    2    1    4
[8,]    3    4    4    2    2    2    1    3

MHGS, Random order x4:
self transition frequency: 0.3265781 
average self transition probability: 0.3277774 
minimum self transition probability: 0.2259196 
fraction of time max pr > 1/2: 0.3987969 

equal neighbors: mean 61.60345  variance 64.0962 
eq
  27   28   29   30   31   33   34   35   36   37   38   39   40   41   42   43 
   1    1    1    4    2    2    1    1    6   13   11   22   53   72  121  205 
  44   45   46   47   48   49   50   51   52   53   54   55   56   57   58   59 
 376  535  735  980 1413 1848 2364 2940 3406 4182 4816 5051 5810 5932 6376 6605 
  60   61   62   63   64   65   66   67   68   69   70   71   72   73   74   75 
6547 6477 6172 6297 5669 5396 4975 4481 4154 3751 3226 2842 2419 1899 1839 1473 
  76   77   78   79   80   81   82   83   84   85   86   87   88   89   90   91 
1377 1021  828  588  528  464  337  272  202  172  107  134   88   63   59   54 
  92   93   94   95   96   97   98   99 
  37   42   33   31   39   17    1    4 

count of 1 values: mean 15.88964  variance 60.60387 

sum sq counts: mean 1274.425  variance 52715.99 

final counts: 20 6 25 13 

   user  system elapsed 
  2.069   0.000   2.069 
     [,1] [,2] [,3] [,4] [,5] [,6] [,7] [,8]
[1,]    1    1    1    1    4    4    4    4
[2,]    3    3    1    4    3    4    4    3
[3,]    3    3    3    1    2    4    4    3
[4,]    3    3    3    3    3    2    1    3
[5,]    3    3    3    3    3    1    1    2
[6,]    3    1    1    1    3    3    4    1
[7,]    1    1    1    4    3    3    2    1
[8,]    4    4    1    1    3    2    2    1

UNAM, Random:
self transition frequency: 0.3124141 
average self transition probability: 0.3134682 
minimum self transition probability: 0.2283228 
fraction of time max pr > 1/2: 0.4024531 

equal neighbors: mean 61.70602  variance 66.79855 
eq
  33   34   35   36   37   38   39   40   41   42   43   44   45   46   47   48 
   1    2    3    4    3   13   31   62  103  158  271  362  477  675  993 1327 
  49   50   51   52   53   54   55   56   57   58   59   60   61   62   63   64 
1732 2355 2896 3366 4076 4625 5201 5718 6037 6431 6508 6771 6630 6449 5990 5670 
  65   66   67   68   69   70   71   72   73   74   75   76   77   78   79   80 
5367 5227 4655 4183 3587 3199 2799 2190 1937 1478 1369 1095  952  786  749  595 
  81   82   83   84   85   86   87   88   89   90   91   92   93   94   95   96 
 577  426  325  327  217  193  135  100   66   54   91   82   51   47   39   55 
  97   98   99  100  101  102  103  105 
  18   10    8   30   15   17    8    1 

count of 1 values: mean 15.21408  variance 57.45395 

sum sq counts: mean 1292.374  variance 57053.36 

final counts: 21 15 18 10 

   user  system elapsed 
  4.638   0.000   4.637 
     [,1] [,2] [,3] [,4] [,5] [,6] [,7] [,8]
[1,]    2    2    2    3    3    4    4    4
[2,]    1    2    4    3    3    3    1    1
[3,]    1    1    1    4    3    3    2    2
[4,]    1    3    1    2    3    3    4    1
[5,]    4    3    3    3    3    1    2    4
[6,]    3    1    1    1    1    1    2    3
[7,]    3    1    1    1    2    4    2    3
[8,]    2    2    2    1    1    4    1    2

UNAM, Sequential:
self transition frequency: 0.3197109 
average self transition probability: 0.3187876 
minimum self transition probability: 0.2336988 
fraction of time max pr > 1/2: 0.4094063 

equal neighbors: mean 62.30245  variance 68.81273 
eq
  30   32   34   35   36   37   38   39   40   41   42   43   44   45   46   47 
   1    3    1    1    4    8   23   41   76  103  135  177  275  488  718  922 
  48   49   50   51   52   53   54   55   56   57   58   59   60   61   62   63 
1292 1505 2026 2479 3106 3580 4206 4811 5460 5734 6098 6378 6805 6620 6158 6244 
  64   65   66   67   68   69   70   71   72   73   74   75   76   77   78   79 
5856 5675 5213 4746 4350 3681 3349 2883 2586 2315 2050 1594 1409 1173  951  783 
  80   81   82   83   84   85   86   87   88   89   90   91   92   93   94   95 
 611  583  491  447  375  277  194  194  120  114   93   63   44   94   41   20 
  96   97   98   99  100  101  103  105 
  29   57   20   17    6   15    2    1 

count of 1 values: mean 15.37759  variance 61.69006 

sum sq counts: mean 1298.853  variance 63787.24 

final counts: 20 10 13 21 

   user  system elapsed 
  4.708   0.000   4.708 
     [,1] [,2] [,3] [,4] [,5] [,6] [,7] [,8]
[1,]    4    4    4    4    4    2    4    2
[2,]    3    3    2    4    4    3    3    3
[3,]    1    3    2    2    1    3    3    1
[4,]    1    4    2    2    3    3    3    1
[5,]    4    2    2    1    1    1    1    1
[6,]    2    4    4    1    1    1    4    4
[7,]    4    4    4    1    1    3    4    4
[8,]    3    4    4    1    1    1    1    1

UNAM, Shuffled Sequential:
self transition frequency: 0.3152656 
average self transition probability: 0.3155736 
minimum self transition probability: 0.231273 
fraction of time max pr > 1/2: 0.4054375 

equal neighbors: mean 62.1555  variance 71.71772 
eq
  30   32   33   34   35   36   37   38   39   40   41   42   43   44   45   46 
   6    3    1    3    2    2    4   18   37   71  108  122  213  359  532  680 
  47   48   49   50   51   52   53   54   55   56   57   58   59   60   61   62 
1062 1491 1774 2316 2965 3287 4096 4485 5101 5333 5640 5753 5793 5909 6022 6080 
  63   64   65   66   67   68   69   70   71   72   73   74   75   76   77   78 
5857 5682 5417 5209 4902 4380 3891 3406 3053 2707 2228 2011 1744 1480 1198 1018 
  79   80   81   82   83   84   85   86   87   88   89   90   91   92   93   94 
 785  611  571  440  385  318  269  190  176  174  127  110   91   72   51   27 
  95   96   97   98   99  100  101  102  103  105  106  108  109 
  22   17   29   14   17   10   15   13    1    7    3    2    2 

count of 1 values: mean 15.81284  variance 65.94365 

sum sq counts: mean 1296.942  variance 59365.03 

final counts: 18 13 26 7 

   user  system elapsed 
  4.602   0.000   4.601 
     [,1] [,2] [,3] [,4] [,5] [,6] [,7] [,8]
[1,]    3    3    1    1    2    3    1    3
[2,]    2    2    2    1    1    4    1    2
[3,]    2    2    2    1    3    3    3    2
[4,]    2    4    1    1    3    3    3    2
[5,]    2    4    1    1    1    3    3    4
[6,]    3    1    1    1    3    3    3    3
[7,]    4    1    3    2    3    4    3    3
[8,]    3    1    1    3    3    4    3    3

UNAM, Checkerboard:
self transition frequency: 0.3138281 
average self transition probability: 0.3130732 
minimum self transition probability: 0.2280924 
fraction of time max pr > 1/2: 0.4017969 

equal neighbors: mean 61.8808  variance 59.55306 
eq
  31   32   35   36   37   38   39   40   41   42   43   44   45   46   47   48 
   1    1    3   12    9   13   35   35   66  130  221  367  503  669  891 1209 
  49   50   51   52   53   54   55   56   57   58   59   60   61   62   63   64 
1498 2119 2588 3076 3626 4291 4782 5313 6138 6331 6567 6629 6720 6878 6409 5962 
  65   66   67   68   69   70   71   72   73   74   75   76   77   78   79   80 
5955 5493 5063 4338 3860 3382 2893 2514 2223 1616 1466 1212 1037  828  717  527 
  81   82   83   84   85   86   87   88   89   90   91   92   93   94   95   96 
 458  373  259  193  143   78   70   60   40   45   20   10   11   15    2    2 
  97 
   5 

count of 1 values: mean 16.35034  variance 63.50635 

sum sq counts: mean 1274.386  variance 40106.97 

final counts: 8 20 14 22 

   user  system elapsed 
  4.648   0.000   4.648 
     [,1] [,2] [,3] [,4] [,5] [,6] [,7] [,8]
[1,]    2    2    2    4    3    3    3    3
[2,]    2    2    1    4    3    3    2    2
[3,]    4    4    4    4    1    4    4    3
[4,]    2    4    4    4    3    2    3    1
[5,]    2    2    2    3    4    4    3    3
[6,]    2    2    2    1    3    1    1    4
[7,]    2    2    4    4    4    3    4    4
[8,]    1    2    2    4    4    1    2    4

UNAM, Random order:
self transition frequency: 0.3171094 
average self transition probability: 0.3145866 
minimum self transition probability: 0.2294273 
fraction of time max pr > 1/2: 0.4031719 

equal neighbors: mean 62.09878  variance 68.33831 
eq
  31   33   34   35   36   37   38   39   40   41   42   43   44   45   46   47 
   3    1    2    4    3    7   11   27   56   77   99  212  305  488  720  945 
  48   49   50   51   52   53   54   55   56   57   58   59   60   61   62   63 
1435 1689 2080 2569 3190 3708 4277 4970 5498 5934 6173 6515 6599 6551 6588 6084 
  64   65   66   67   68   69   70   71   72   73   74   75   76   77   78   79 
5841 5579 5084 4816 4169 3725 3369 2967 2424 2175 1841 1604 1320  979  917  731 
  80   81   82   83   84   85   86   87   88   89   90   91   92   93   94   95 
 616  472  432  318  344  252  206  123  140   98  113   71   75   66   46   81 
  96   97   98   99  100  101  102  103  105 
  32   32   33   24    6   34   20    1    4 

count of 1 values: mean 15.97269  variance 62.36943 

sum sq counts: mean 1291.372  variance 56184.63 

final counts: 17 14 31 2 

   user  system elapsed 
  4.583   0.000   4.584 
     [,1] [,2] [,3] [,4] [,5] [,6] [,7] [,8]
[1,]    3    3    3    1    1    1    3    1
[2,]    3    3    1    1    3    1    3    2
[3,]    3    3    3    3    2    1    2    3
[4,]    3    3    3    3    2    2    2    3
[5,]    3    3    3    1    4    2    2    3
[6,]    3    3    3    1    1    2    2    3
[7,]    2    2    1    1    1    3    1    2
[8,]    1    2    3    3    3    3    1    4

UNAM, Random order x4:
self transition frequency: 0.3128125 
average self transition probability: 0.312861 
minimum self transition probability: 0.227836 
fraction of time max pr > 1/2: 0.4010469 

equal neighbors: mean 61.82867  variance 64.0959 
eq
  29   30   31   32   34   36   37   38   39   40   41   42   43   44   45   46 
   2    2    3    1    1    3    3   10   31   50   84  115  240  289  490  728 
  47   48   49   50   51   52   53   54   55   56   57   58   59   60   61   62 
 958 1323 1684 2287 2741 3276 3793 4386 5146 5536 6033 6366 6645 6598 6631 6422 
  63   64   65   66   67   68   69   70   71   72   73   74   75   76   77   78 
6211 5977 5730 4969 4726 4158 3665 3186 2697 2415 1999 1730 1574 1355 1155  926 
  79   80   81   82   83   84   85   86   87   88   89   90   91   92   93   94 
 702  670  478  388  309  253  201  128  119   76   92   31   31   46   16   18 
  95   96   97   98   99  100  101  102  103  104 
  17    5   13    5   13   10    3    1   17    8 

count of 1 values: mean 16.16672  variance 69.47019 

sum sq counts: mean 1286.31  variance 51669.85 

final counts: 7 21 24 12 

   user  system elapsed 
  4.604   0.000   4.604 
     [,1] [,2] [,3] [,4] [,5] [,6] [,7] [,8]
[1,]    3    3    3    4    4    4    2    3
[2,]    3    1    1    2    2    2    2    3
[3,]    3    3    1    2    2    2    4    3
[4,]    4    3    3    2    2    2    4    4
[5,]    2    3    1    2    3    2    2    2
[6,]    4    3    3    1    3    3    3    2
[7,]    4    1    4    3    3    1    2    2
[8,]    4    3    3    3    3    4    2    2

DNAM, Random:
self transition frequency: 0.2461562 
average self transition probability: 0.2467592 
minimum self transition probability: 0.2356685 
fraction of time max pr > 1/2: 0.412 

equal neighbors: mean 62.39484  variance 70.01986 
eq
  28   29   30   31   33   34   35   36   37   38   39   40   41   42   43   44 
   1    3    3    3    1    2    1    1    3   15   34   56   99  139  207  331 
  45   46   47   48   49   50   51   52   53   54   55   56   57   58   59   60 
 406  653  900 1240 1696 2172 2677 3181 3560 4139 4697 5167 5560 5911 6336 6371 
  61   62   63   64   65   66   67   68   69   70   71   72   73   74   75   76 
6257 6332 6304 5932 5625 5217 4794 4373 4041 3512 3056 2674 2256 1918 1769 1381 
  77   78   79   80   81   82   83   84   85   86   87   88   89   90   91   92 
1218 1086  795  680  518  453  368  338  272  217  200  204  157  110   86   43 
  93   94   95   96   97   98   99  100  101  102  103  104  105  106  107  109 
  40   20   24   21   13   18   18   14   30    6   14   11   10    2    6    2 

count of 1 values: mean 15.71302  variance 65.3319 

sum sq counts: mean 1306.007  variance 63402.43 

final counts: 15 13 24 12 

   user  system elapsed 
  3.436   0.000   3.435 
     [,1] [,2] [,3] [,4] [,5] [,6] [,7] [,8]
[1,]    2    3    4    4    4    1    1    3
[2,]    4    4    2    1    1    4    3    3
[3,]    4    4    3    3    3    3    3    3
[4,]    4    4    3    3    3    3    3    3
[5,]    3    4    1    1    2    2    3    3
[6,]    3    1    1    1    1    2    2    3
[7,]    3    1    1    2    2    2    2    3
[8,]    1    3    4    2    1    1    2    2

DNAM, Sequential:
self transition frequency: 0.2377188 
average self transition probability: 0.2382557 
minimum self transition probability: 0.227679 
fraction of time max pr > 1/2: 0.4012109 

equal neighbors: mean 61.87727  variance 67.26688 
eq
  31   33   35   36   37   38   39   40   41   42   43   44   45   46   47   48 
   2    2    3    5    9   15   23   33   64  115  244  329  520  722 1025 1357 
  49   50   51   52   53   54   55   56   57   58   59   60   61   62   63   64 
1847 2303 2732 3217 3768 4306 4936 5538 6009 6283 6841 6751 6646 6366 6068 5804 
  65   66   67   68   69   70   71   72   73   74   75   76   77   78   79   80 
5628 4991 4818 4013 3756 3327 2837 2422 2017 1776 1476 1203 1047  871  822  517 
  81   82   83   84   85   86   87   88   89   90   91   92   93   94   95   96 
 460  321  314  229  236  143  129  125   91   74   60   41   64   32   34   36 
  97   98   99  100  101  102  103  104  105  106  107  108  109  110  111  112 
  13   20    9   46    2    9   10   22    7   21    9   12   15    6    1    5 

count of 1 values: mean 15.74786  variance 65.89569 

sum sq counts: mean 1288.67  variance 60881.15 

final counts: 25 9 14 16 

   user  system elapsed 
  3.437   0.000   3.438 
     [,1] [,2] [,3] [,4] [,5] [,6] [,7] [,8]
[1,]    4    1    1    2    3    3    1    3
[2,]    1    1    1    4    4    1    4    3
[3,]    2    1    1    4    4    2    1    3
[4,]    3    4    2    4    4    2    1    3
[5,]    1    4    4    4    1    4    1    3
[6,]    1    1    3    4    3    3    1    3
[7,]    1    3    4    1    1    1    1    1
[8,]    4    2    2    2    2    1    1    3

DNAM, Shuffled Sequential:
self transition frequency: 0.2396641 
average self transition probability: 0.2398243 
minimum self transition probability: 0.2290011 
fraction of time max pr > 1/2: 0.4030781 

equal neighbors: mean 61.87784  variance 68.39519 
eq
  30   31   32   34   35   36   37   38   39   40   41   42   43   44   45   46 
   1    3    2    5    1    2   13   19   37   78  102  159  238  372  614  903 
  47   48   49   50   51   52   53   54   55   56   57   58   59   60   61   62 
1126 1498 1766 2256 2861 3440 3997 4333 4901 5372 5781 6200 6304 6421 6378 6171 
  63   64   65   66   67   68   69   70   71   72   73   74   75   76   77   78 
5999 5594 5282 4767 4589 4243 3753 3367 3079 2572 2253 1947 1505 1430 1223 1071 
  79   80   81   82   83   84   85   86   87   88   89   90   91   92   93   94 
 759  757  535  425  319  307  193  136   89   88   63   72   40   35   17   38 
  95   96   97   98   99  100  102 
  23   44   11    8    4    3    6 

count of 1 values: mean 16.16884  variance 67.80501 

sum sq counts: mean 1288.878  variance 56152.42 

final counts: 15 18 11 20 

   user  system elapsed 
  3.442   0.003   3.445 
     [,1] [,2] [,3] [,4] [,5] [,6] [,7] [,8]
[1,]    1    1    2    2    2    2    4    4
[2,]    1    1    1    3    2    2    4    1
[3,]    3    2    2    2    4    4    3    4
[4,]    3    3    4    4    4    4    2    2
[5,]    4    1    4    4    4    4    1    2
[6,]    3    1    1    2    3    2    1    2
[7,]    3    1    3    1    2    2    3    4
[8,]    1    4    4    3    1    2    4    4

DNAM, Checkerboard:
self transition frequency: 0.2362266 
average self transition probability: 0.2365911 
minimum self transition probability: 0.2257564 
fraction of time max pr > 1/2: 0.3988203 

equal neighbors: mean 61.5758  variance 61.00533 
eq
  31   32   34   35   36   37   38   39   40   41   42   43   44   45   46   47 
   1    1    2    8    7   15   28   38   75  112  174  276  363  525  688  931 
  48   49   50   51   52   53   54   55   56   57   58   59   60   61   62   63 
1255 1556 2077 2549 3253 3984 4591 5201 5752 6152 6621 7022 6866 6952 6847 6422 
  64   65   66   67   68   69   70   71   72   73   74   75   76   77   78   79 
5999 5447 4939 4442 3931 3350 3159 2814 2215 2119 1641 1482 1221 1015  903  634 
  80   81   82   83   84   85   86   87   88   89   90   91   92   93   94   95 
 466  392  340  206  208  178  132   97   52   60   53   44   28   21   13   27 
  96   97   98   99  100  101 
   8    4    4    8    2    2 

count of 1 values: mean 16.15495  variance 60.87382 

sum sq counts: mean 1267.493  variance 45507.79 

final counts: 3 44 9 8 

   user  system elapsed 
  3.477   0.000   3.477 
     [,1] [,2] [,3] [,4] [,5] [,6] [,7] [,8]
[1,]    2    2    2    2    2    4    4    3
[2,]    2    2    2    2    2    2    2    2
[3,]    2    2    2    4    2    3    3    2
[4,]    2    2    2    2    1    3    3    2
[5,]    2    2    2    2    2    3    3    4
[6,]    2    2    2    4    2    3    3    4
[7,]    2    2    2    2    2    2    2    2
[8,]    4    2    2    2    2    1    4    1

DNAM, Random order:
self transition frequency: 0.2385625 
average self transition probability: 0.2383703 
minimum self transition probability: 0.2273839 
fraction of time max pr > 1/2: 0.4007109 

equal neighbors: mean 61.67294  variance 63.75884 
eq
  32   33   34   35   36   37   38   39   40   41   42   43   44   45   46   47 
   1    3    5    6   16   17   28   48   76  127  180  274  423  594  855 1122 
  48   49   50   51   52   53   54   55   56   57   58   59   60   61   62   63 
1456 1775 2208 2800 3202 3735 4403 4709 5378 5847 6198 6438 6485 6769 6564 6310 
  64   65   66   67   68   69   70   71   72   73   74   75   76   77   78   79 
6007 5652 5429 4828 4352 3716 3204 2963 2442 1916 1769 1425 1153 1036  853  654 
  80   81   82   83   84   85   86   87   88   89   90   91   92   93   94   95 
 561  435  334  264  182  176  134   69   76   63   59   50   31   30   32    6 
  96   97   98  100  101  102  103  105 
   6    4   14    2    9    6    3    3 

count of 1 values: mean 16.2202  variance 63.62853 

sum sq counts: mean 1275.086  variance 47113.71 

final counts: 24 7 18 15 

   user  system elapsed 
  3.450   0.004   3.454 
     [,1] [,2] [,3] [,4] [,5] [,6] [,7] [,8]
[1,]    1    3    2    2    3    4    4    1
[2,]    3    3    4    4    4    4    4    3
[3,]    3    1    4    1    1    4    1    2
[4,]    1    3    1    2    3    4    1    3
[5,]    4    3    1    2    3    4    1    1
[6,]    3    3    2    4    1    1    1    1
[7,]    2    3    3    1    1    1    1    4
[8,]    1    3    3    1    1    3    4    1

DNAM, Random order x4:
self transition frequency: 0.2385469 
average self transition probability: 0.2376953 
minimum self transition probability: 0.226368 
fraction of time max pr > 1/2: 0.3988281 

equal neighbors: mean 61.7015  variance 67.31845 
eq
  32   35   36   37   38   39   40   41   42   43   44   45   46   47   48   49 
   1    2    2   10   21   57   83  140  192  299  371  600  787 1064 1375 1716 
  50   51   52   53   54   55   56   57   58   59   60   61   62   63   64   65 
2281 2655 3380 3876 4675 5029 5621 5981 6356 6653 6687 6872 6550 6146 5756 5308 
  66   67   68   69   70   71   72   73   74   75   76   77   78   79   80   81 
4787 4565 3896 3496 3144 2671 2483 1993 1824 1511 1154 1029  880  761  571  536 
  82   83   84   85   86   87   88   89   90   91   92   93   94   95   96   97 
 347  317  256  201  201  148  172  102   73   78   47   50   45   25   32    6 
  98   99  100  101  102  103 
  21    2   11    6    2   11 

count of 1 values: mean 16.35012  variance 67.7281 

sum sq counts: mean 1283.262  variance 55967.45 

final counts: 6 16 20 22 

   user  system elapsed 
  3.437   0.004   3.442 
     [,1] [,2] [,3] [,4] [,5] [,6] [,7] [,8]
[1,]    4    2    2    2    4    4    4    2
[2,]    4    2    2    1    4    2    4    4
[3,]    3    2    1    3    3    3    4    4
[4,]    1    1    1    3    3    3    2    4
[5,]    3    3    4    3    4    3    3    3
[6,]    3    2    2    3    3    3    3    3
[7,]    4    4    2    3    2    2    1    4
[8,]    4    2    4    2    4    4    4    4

UDNAM, Random:
self transition frequency: 0.2766562 
average self transition probability: 0.2764547 
minimum self transition probability: 0.2281851 
fraction of time max pr > 1/2: 0.4003281 

equal neighbors: mean 61.92212  variance 64.85543 
eq
  30   31   33   35   36   37   38   39   40   41   42   43   44   45   46   47 
   3    2    5    4    8   12   37   48   77   92  143  252  376  491  678  937 
  48   49   50   51   52   53   54   55   56   57   58   59   60   61   62   63 
1272 1658 2191 2776 3323 3853 4536 5289 5432 5782 6177 6480 6454 6445 6035 6018 
  64   65   66   67   68   69   70   71   72   73   74   75   76   77   78   79 
5729 5380 4974 4747 4283 3875 3267 2925 2599 2268 2076 1671 1505 1168 1086  866 
  80   81   82   83   84   85   86   87   88   89   90   91   92   93   94   95 
 703  550  395  301  186  163  106   83   35   31   29   39   10   23   14    5 
  96   98 
  20    2 

count of 1 values: mean 16.22766  variance 63.89544 

sum sq counts: mean 1277.427  variance 48109.89 

final counts: 22 15 17 10 

   user  system elapsed 
  6.840   0.004   6.844 
     [,1] [,2] [,3] [,4] [,5] [,6] [,7] [,8]
[1,]    2    4    4    4    4    2    2    4
[2,]    2    1    3    1    4    1    2    2
[3,]    3    3    3    1    3    1    2    3
[4,]    1    1    3    3    3    1    1    1
[5,]    1    1    3    3    3    2    2    1
[6,]    3    1    4    2    2    2    4    1
[7,]    3    1    1    1    2    2    1    2
[8,]    3    3    1    1    4    3    4    1

UDNAM, Sequential:
self transition frequency: 0.2796016 
average self transition probability: 0.2794627 
minimum self transition probability: 0.2314135 
fraction of time max pr > 1/2: 0.4069375 

equal neighbors: mean 62.11331  variance 64.31219 
eq
  29   30   32   33   34   35   36   37   38   39   40   41   42   43   44   45 
   1    3    1    2    8    6   12   14   12   35   40   49   94  123  207  351 
  46   47   48   49   50   51   52   53   54   55   56   57   58   59   60   61 
 499  855 1081 1511 1979 2538 3225 3760 4444 4954 5592 5847 6516 6745 6759 6756 
  62   63   64   65   66   67   68   69   70   71   72   73   74   75   76   77 
6767 6477 6214 5659 5219 4620 4158 3823 3298 2904 2485 2091 1724 1454 1249  986 
  78   79   80   81   82   83   84   85   86   87   88   89   90   91   92   93 
 857  743  518  419  429  296  270  192  130  135   98  147  105   66   57   69 
  94   95   96   97   98   99  100  101  102  103  105  106  108 
  56   66   41   24   52   25    8   29    9    2    6    3    1 

count of 1 values: mean 16.32838  variance 64.99676 

sum sq counts: mean 1285.23  variance 57385.92 

final counts: 5 25 10 24 

   user  system elapsed 
  6.816   0.000   6.816 
     [,1] [,2] [,3] [,4] [,5] [,6] [,7] [,8]
[1,]    2    4    4    4    1    2    4    2
[2,]    3    3    3    4    2    2    3    4
[3,]    2    4    4    4    3    4    3    1
[4,]    2    4    4    4    3    4    3    2
[5,]    2    2    4    4    4    4    3    2
[6,]    1    2    2    2    2    2    1    2
[7,]    2    4    1    4    2    2    2    2
[8,]    4    4    4    4    3    2    2    2

UDNAM, Shuffled Sequential:
self transition frequency: 0.2772812 
average self transition probability: 0.2777559 
minimum self transition probability: 0.2303507 
fraction of time max pr > 1/2: 0.4042109 

equal neighbors: mean 61.88295  variance 67.55984 
eq
  30   31   32   33   34   35   36   37   38   39   40   41   42   43   44   45 
   3    1    3    1    7    3    8   12   32   35   72   68  128  189  370  564 
  46   47   48   49   50   51   52   53   54   55   56   57   58   59   60   61 
 731 1049 1255 1762 2272 2801 3310 3884 4428 4876 5536 6034 6276 6546 6592 6768 
  62   63   64   65   66   67   68   69   70   71   72   73   74   75   76   77 
6443 6101 5846 5441 5025 4666 4047 3599 3200 2790 2487 1929 1700 1515 1168 1094 
  78   79   80   81   82   83   84   85   86   87   88   89   90   91   92   93 
 953  793  653  551  470  351  311  232  182  160  127  116  101   86   58   44 
  94   95   96   97   98   99  100  101  102 
  56   33   11   14    9    8   11    2    1 

count of 1 values: mean 16.12723  variance 72.96537 

sum sq counts: mean 1293.893  variance 56313.98 

final counts: 21 13 25 5 

   user  system elapsed 
  6.809   0.004   6.813 
     [,1] [,2] [,3] [,4] [,5] [,6] [,7] [,8]
[1,]    1    1    3    3    3    3    1    1
[2,]    2    1    3    1    3    3    1    1
[3,]    2    3    3    3    3    3    3    1
[4,]    2    4    1    3    2    3    3    4
[5,]    1    1    2    3    2    1    3    2
[6,]    3    1    1    1    2    3    2    3
[7,]    3    4    1    1    2    2    2    4
[8,]    3    4    1    3    2    1    1    3

UDNAM, Checkerboard:
self transition frequency: 0.2789844 
average self transition probability: 0.2790379 
minimum self transition probability: 0.230975 
fraction of time max pr > 1/2: 0.4045469 

equal neighbors: mean 62.13098  variance 69.22103 
eq
  31   32   35   36   37   38   39   40   41   42   43   44   45   46   47   48 
   1    1    3    2    7   13   34   45   81  123  221  355  492  699 1059 1332 
  49   50   51   52   53   54   55   56   57   58   59   60   61   62   63   64 
1664 2240 2815 3228 3714 4309 4763 5217 5641 6106 6308 6375 6601 6573 6280 6027 
  65   66   67   68   69   70   71   72   73   74   75   76   77   78   79   80 
5511 5065 4806 4430 3961 3325 2876 2447 2153 1839 1499 1204 1066  899  712  617 
  81   82   83   84   85   86   87   88   89   90   91   92   93   94   95   96 
 537  438  407  291  296  234  192  145  128   71  119  107   97   64   28   20 
  97   98   99  100  101  102  103  104  105  106  107 
   8   11    7   10    3    1   17    4    8    6   12 

count of 1 values: mean 15.93294  variance 66.88248 

sum sq counts: mean 1299.094  variance 61913.06 

final counts: 28 10 9 17 

   user  system elapsed 
  6.834   0.000   6.834 
     [,1] [,2] [,3] [,4] [,5] [,6] [,7] [,8]
[1,]    1    1    1    1    2    3    1    1
[2,]    1    1    4    4    2    3    1    1
[3,]    3    2    2    4    2    1    4    4
[4,]    3    1    1    1    4    1    2    1
[5,]    2    1    1    1    4    2    4    1
[6,]    1    1    1    3    4    4    2    1
[7,]    4    1    1    4    3    3    2    4
[8,]    1    1    4    4    3    3    4    4

UDNAM, Random order:
self transition frequency: 0.2770938 
average self transition probability: 0.2771969 
minimum self transition probability: 0.2295002 
fraction of time max pr > 1/2: 0.4039297 

equal neighbors: mean 61.94066  variance 67.12719 
eq
  29   30   31   32   33   34   35   36   37   38   39   40   41   42   43   44 
   1    4    3    2    4    5    2    8   10   20   32   59   91  163  265  385 
  45   46   47   48   49   50   51   52   53   54   55   56   57   58   59   60 
 569  747 1014 1283 1585 2081 2761 3508 3809 4587 4814 5490 5849 6170 6434 6659 
  61   62   63   64   65   66   67   68   69   70   71   72   73   74   75   76 
6467 6112 6042 5845 5375 5128 4772 4242 3756 3459 2933 2671 2209 1812 1607 1263 
  77   78   79   80   81   82   83   84   85   86   87   88   89   90   91   92 
1018  849  747  646  450  379  296  305  264  165  162  130  115   72  103   29 
  93   94   95   96   97   99  100  101  103  104  108 
  44   32   26   12   15    1    6   12    3   11    1 

count of 1 values: mean 15.90852  variance 62.59102 

sum sq counts: mean 1291.566  variance 56340.79 

final counts: 29 25 5 5 

   user  system elapsed 
  6.820   0.004   6.824 
     [,1] [,2] [,3] [,4] [,5] [,6] [,7] [,8]
[1,]    1    1    1    3    1    4    3    2
[2,]    1    1    1    2    1    4    3    1
[3,]    2    2    2    2    1    1    2    2
[4,]    2    2    2    2    2    2    1    2
[5,]    2    2    4    4    1    2    2    1
[6,]    1    2    1    1    3    4    2    1
[7,]    1    1    1    1    1    2    2    1
[8,]    1    1    1    1    1    3    2    2

UDNAM, Random order x4:
self transition frequency: 0.2766875 
average self transition probability: 0.2773999 
minimum self transition probability: 0.2295093 
fraction of time max pr > 1/2: 0.4034609 

equal neighbors: mean 61.93757  variance 66.61154 
eq
  32   33   34   35   36   37   38   39   40   41   42   43   44   45   46   47 
   1    2    3    6    6   16   23   52   68   98  167  202  322  464  767 1063 
  48   49   50   51   52   53   54   55   56   57   58   59   60   61   62   63 
1328 1816 2225 2828 3246 3835 4353 4826 5281 5719 6293 6432 6715 6700 6209 6076 
  64   65   66   67   68   69   70   71   72   73   74   75   76   77   78   79 
6016 5409 5107 4624 4411 3626 3254 2897 2569 2095 1881 1680 1279 1066  892  764 
  80   81   82   83   84   85   86   87   88   89   90   91   92   93   94   95 
 690  513  376  329  271  207  238  147  113   93   76   70   36   42   39    9 
  96   97   98   99 
  14    9   14    2 

count of 1 values: mean 16.04857  variance 69.08034 

sum sq counts: mean 1287.811  variance 52783.1 

final counts: 7 25 19 13 

   user  system elapsed 
  6.816   0.004   6.819 
     [,1] [,2] [,3] [,4] [,5] [,6] [,7] [,8]
[1,]    2    2    4    4    1    3    3    3
[2,]    2    2    2    2    1    4    4    2
[3,]    2    2    3    2    4    3    3    3
[4,]    3    2    3    3    4    3    3    3
[5,]    4    2    3    4    1    4    3    4
[6,]    2    2    3    4    2    2    3    2
[7,]    2    2    2    4    2    2    3    2
[8,]    2    4    2    3    1    1    1    1

ZDNAM, Random:
self transition frequency: 0.2296563 
average self transition probability: 0.2288413 
minimum self transition probability: 0.2289166 
fraction of time max pr > 1/2: 0.4024453 

equal neighbors: mean 61.99839  variance 61.44934 
eq
  33   35   36   37   38   39   40   41   42   43   44   45   46   47   48   49 
   1    6   12    8   25   34   42   93  122  190  275  380  583  862 1177 1582 
  50   51   52   53   54   55   56   57   58   59   60   61   62   63   64   65 
2138 2605 3242 3577 4264 4929 5576 5800 6289 6484 6699 6579 6629 6318 6281 5841 
  66   67   68   69   70   71   72   73   74   75   76   77   78   79   80   81 
5381 4808 4356 3903 3593 2952 2509 2110 1734 1424 1347  918  824  728  546  441 
  82   83   84   85   86   87   88   89   90   91   92   93   94   95   98 
 395  265  228  205  165  124  139   76   91   41   23   16    8    2    5 

count of 1 values: mean 16.04075  variance 73.26518 

sum sq counts: mean 1285.904  variance 46488.44 

final counts: 20 4 26 14 

   user  system elapsed 
  3.225   0.000   3.225 
     [,1] [,2] [,3] [,4] [,5] [,6] [,7] [,8]
[1,]    1    1    3    2    3    3    1    1
[2,]    1    1    1    3    3    3    2    1
[3,]    3    3    3    3    3    3    3    4
[4,]    3    3    3    3    4    4    1    4
[5,]    1    3    4    4    4    4    4    2
[6,]    1    3    3    4    4    4    4    1
[7,]    1    4    3    3    3    3    1    1
[8,]    1    1    3    2    1    3    1    1

ZDNAM, Sequential:
self transition frequency: 0.2307266 
average self transition probability: 0.2307204 
minimum self transition probability: 0.230536 
fraction of time max pr > 1/2: 0.4046016 

equal neighbors: mean 61.958  variance 67.9493 
eq
  31   33   34   35   36   37   38   39   40   41   42   43   44   45   46   47 
   2    2    4    3    7   13   23   43   65   94  166  234  317  501  656  955 
  48   49   50   51   52   53   54   55   56   57   58   59   60   61   62   63 
1388 1842 2281 2710 3368 3887 4504 5128 5421 5944 6088 6191 6455 6409 6347 6165 
  64   65   66   67   68   69   70   71   72   73   74   75   76   77   78   79 
5933 5479 5035 4437 4180 3803 3283 2823 2565 1995 1957 1505 1399 1089  966  844 
  80   81   82   83   84   85   86   87   88   89   90   91   92   93   94   95 
 701  539  475  427  292  252  181  145   78   67   65   57   17   38   32   31 
  96   97   98   99  100  101  102  103  105  109 
  17   19    7   10    4   11    3    1    9   16 

count of 1 values: mean 15.86299  variance 66.56273 

sum sq counts: mean 1295.399  variance 55316.91 

final counts: 8 14 26 16 

   user  system elapsed 
  3.182   0.004   3.186 
     [,1] [,2] [,3] [,4] [,5] [,6] [,7] [,8]
[1,]    2    3    2    4    3    3    3    3
[2,]    2    2    3    4    4    2    3    3
[3,]    2    4    4    4    4    2    2    2
[4,]    4    3    4    1    2    2    4    2
[5,]    3    3    3    1    2    3    1    1
[6,]    3    3    4    4    2    4    1    3
[7,]    3    3    1    1    3    4    1    3
[8,]    3    3    4    4    3    3    3    3

ZDNAM, Shuffled Sequential:
self transition frequency: 0.2314922 
average self transition probability: 0.2310375 
minimum self transition probability: 0.2304519 
fraction of time max pr > 1/2: 0.4043594 

equal neighbors: mean 62.16006  variance 71.51727 
eq
  30   31   32   33   34   35   36   37   38   39   40   41   42   43   44   45 
   1    3    1    1    3    2    5   10   13   36   70   94  201  279  369  572 
  46   47   48   49   50   51   52   53   54   55   56   57   58   59   60   61 
 770 1014 1319 1760 2151 2681 3171 3768 4185 4868 5301 5831 5963 6206 6347 6458 
  62   63   64   65   66   67   68   69   70   71   72   73   74   75   76   77 
6296 6180 5869 5441 5329 4852 4391 3766 3215 2854 2549 2149 1842 1580 1402 1154 
  78   79   80   81   82   83   84   85   86   87   88   89   90   91   92   93 
 932  818  635  595  459  419  278  270  210  154  183  133  140   65   76   58 
  94   95   96   97   98   99  100  101  102  103  104  105  106  107  108  109 
  40   17   28   16   16   11   13    7    5   15    6   13   23    4    1    6 
 110  111  112  114  116 
   9    6    8    6    3 

count of 1 values: mean 16.37283  variance 70.1668 

sum sq counts: mean 1296.532  variance 66436.13 

final counts: 15 16 17 16 

   user  system elapsed 
  3.149   0.000   3.149 
     [,1] [,2] [,3] [,4] [,5] [,6] [,7] [,8]
[1,]    3    2    2    4    2    2    3    3
[2,]    2    4    1    1    1    1    1    2
[3,]    4    4    4    4    3    3    1    4
[4,]    4    4    2    2    3    3    4    4
[5,]    4    3    4    2    3    2    4    4
[6,]    3    3    1    2    1    1    1    1
[7,]    3    4    1    2    1    1    3    3
[8,]    3    2    1    2    2    2    3    3

ZDNAM, Checkerboard:
self transition frequency: 0.2303594 
average self transition probability: 0.2302197 
minimum self transition probability: 0.230404 
fraction of time max pr > 1/2: 0.4045547 

equal neighbors: mean 62.11595  variance 68.14299 
eq
  31   32   33   35   36   37   38   39   40   41   42   43   44   45   46   47 
   1    1    1    3    4    5   20   40   64  105  153  235  328  515  700  941 
  48   49   50   51   52   53   54   55   56   57   58   59   60   61   62   63 
1283 1583 2108 2586 3309 3766 4298 4898 5546 5916 6263 6265 6406 6395 6276 6125 
  64   65   66   67   68   69   70   71   72   73   74   75   76   77   78   79 
5882 5430 5238 4731 4507 3820 3367 3045 2650 2226 1903 1564 1276 1018  911  716 
  80   81   82   83   84   85   86   87   88   89   90   91   92   93   94   95 
 586  602  405  337  264  231  180  192  162  134   87  140   53   57   31   26 
  96   97   98   99  100  101  103  104  105  106  108  110  112  113  116 
  18    5    6    4    6    1    2   18    2    5    6    1    4    5    7 

count of 1 values: mean 15.79977  variance 67.0667 

sum sq counts: mean 1286.23  variance 54313.52 

final counts: 12 33 13 6 

   user  system elapsed 
  3.175   0.004   3.179 
     [,1] [,2] [,3] [,4] [,5] [,6] [,7] [,8]
[1,]    1    4    3    2    2    2    2    1
[2,]    2    2    3    2    2    2    1    1
[3,]    3    2    2    2    2    3    3    1
[4,]    4    2    2    2    2    2    3    3
[5,]    2    2    4    2    2    2    2    3
[6,]    2    2    2    4    2    2    2    3
[7,]    3    3    3    1    2    1    1    3
[8,]    2    2    1    4    4    1    1    1

ZDNAM, Random order:
self transition frequency: 0.2273672 
average self transition probability: 0.2286525 
minimum self transition probability: 0.2288657 
fraction of time max pr > 1/2: 0.40225 

equal neighbors: mean 61.7923  variance 70.15715 
eq
  33   35   36   37   38   39   40   41   42   43   44   45   46   47   48   49 
   1    3    9    8   22   31   64   81  134  221  383  535  720 1060 1405 1859 
  50   51   52   53   54   55   56   57   58   59   60   61   62   63   64   65 
2285 2974 3439 3987 4633 5247 5631 6156 6226 6681 6704 6575 6213 5904 5578 5396 
  66   67   68   69   70   71   72   73   74   75   76   77   78   79   80   81 
4712 4377 3899 3551 3026 2791 2386 2087 1865 1479 1168 1045  844  753  618  503 
  82   83   84   85   86   87   88   89   90   91   92   93   94   95   96   97 
 452  347  327  254  264  181  212  124  167   70   83   39   46   25   18   18 
  98   99  100  101  102  103  104  105  106  107 
  20    6   11   10   21   15    7   11    1    2 

count of 1 values: mean 15.89992  variance 71.72715 

sum sq counts: mean 1295.607  variance 64935.61 

final counts: 16 13 11 24 

   user  system elapsed 
  3.196   0.000   3.197 
     [,1] [,2] [,3] [,4] [,5] [,6] [,7] [,8]
[1,]    4    4    4    2    3    1    4    1
[2,]    4    3    3    3    4    1    1    1
[3,]    3    3    3    1    1    1    1    3
[4,]    4    3    3    3    2    4    1    4
[5,]    2    1    4    4    4    1    1    2
[6,]    2    2    4    4    1    2    2    2
[7,]    2    2    2    4    4    1    4    4
[8,]    2    4    4    4    4    4    4    1

ZDNAM, Random order x4:
self transition frequency: 0.2282031 
average self transition probability: 0.2285096 
minimum self transition probability: 0.2290355 
fraction of time max pr > 1/2: 0.4029375 

equal neighbors: mean 61.9006  variance 62.10791 
eq
  33   34   35   36   37   38   39   40   41   42   43   44   45   46   47   48 
   1    4    2    7   13   16   34   44   87  145  225  315  456  683  910 1272 
  49   50   51   52   53   54   55   56   57   58   59   60   61   62   63   64 
1703 2214 2734 3196 3677 4164 4974 5633 5861 6059 6260 6579 6813 6620 6300 6044 
  65   66   67   68   69   70   71   72   73   74   75   76   77   78   79   80 
5726 5339 4675 4420 3745 3487 3084 2633 2143 1874 1512 1308 1020  785  657  543 
  81   82   83   84   85   86   87   88   89   90   91   92   93   94   95   96 
 426  300  269  247  182  169   68   77   33   34   54   30   42   29   32    8 
  97   98 
   1    3 

count of 1 values: mean 15.71747  variance 61.95933 

sum sq counts: mean 1285.211  variance 46261.29 

final counts: 10 10 26 18 

   user  system elapsed 
  3.186   0.008   3.195 
     [,1] [,2] [,3] [,4] [,5] [,6] [,7] [,8]
[1,]    3    4    4    4    3    1    3    4
[2,]    3    3    4    4    3    3    4    3
[3,]    2    1    4    4    4    3    3    3
[4,]    4    2    1    2    3    4    3    3
[5,]    1    3    3    2    3    4    3    1
[6,]    4    4    3    3    3    2    2    4
[7,]    2    4    4    1    3    2    2    2
[8,]    1    3    3    1    3    3    1    1
> 
