
R version 4.1.2 (2021-11-01) -- "Bird Hippie"
Copyright (C) 2021 The R Foundation for Statistical Computing
Platform: x86_64-pc-linux-gnu (64-bit)

R is free software and comes with ABSOLUTELY NO WARRANTY.
You are welcome to redistribute it under certain conditions.
Type 'license()' or 'licence()' for distribution details.

R is a collaborative project with many contributors.
Type 'contributors()' for more information and
'citation()' on how to cite R or R packages in publications.

Type 'demo()' for some demos, 'help()' for on-line help, or
'help.start()' for an HTML browser interface to help.
Type 'q()' to quit R.

> # DO THE 8x8 POTTS EXPERIMENTAL RUNS - SET A.
> 
> source("methods.r")
> source("scans.r")
> source("potts-8x8.r")
> source("plot.r")
> 
> rtype <- "a"
> 
> meth <- list (ST=trans_ST, 
+               DST=trans_DST,
+               UST=trans_UST,
+               UDST=trans_UDST,
+               HST=trans_HST,
+               OHST=trans_OHST
+         )
> 
> scan <- list (Random=scan_random,
+               Sequential=scan_sequential,
+               `Shuffled Sequential`=scan_shuffled_sequential,
+               Checkerboard=scan_checkerboard,
+               `Random order`=scan_random_order,
+               `Random order x4`=scan_random_order_x4
+         )
> 
> source("potts-runs-8x8-tail.r")
Shuffle order: 57 4 39 1 34 23 43 14 18 51 33 21 53 42 46 10 7 9 15 52 37 41 25 44 58 60 55 50 54 20 6 49 36 62 40 35 28 29 26 12 59 31 8 38 24 48 32 27 22 64 2 13 30 17 11 61 3 16 56 63 45 19 47 5 

ST, Random:
self transition frequency: 0.2327109 
average self transition probability: 0.2324044 
minimum self transition probability: 0.2321571 
fraction of time max pr > 1/2: 0.4059766 

equal neighbors: mean 62.27899  variance 78.59247 
eq
  33   34   35   36   37   38   39   40   41   42   43   44   45   46   47   48 
   1    5    3    7    5   16   25   46   82  149  232  363  534  664  980 1366 
  49   50   51   52   53   54   55   56   57   58   59   60   61   62   63   64 
1736 2264 2763 3447 3965 4444 5039 5432 6008 6206 6449 6440 6352 6099 5939 5587 
  65   66   67   68   69   70   71   72   73   74   75   76   77   78   79   80 
5094 4784 4311 3903 3537 3162 2873 2311 2310 1763 1717 1458 1207 1052  885  733 
  81   82   83   84   85   86   87   88   89   90   91   92   93   94   95   96 
 600  538  417  410  316  257  190  182  140  143  173  144  116  119   91   95 
  97   98   99  100  101  102  103  104  105  106  107  108  109  110  111  112 
  35   69   26   46   13   13   12   11    8    3   19   20   13    1    4    6 
 113  116  117 
  19    1    2 

count of 1 values: mean 15.46547  variance 64.85438 

sum sq counts: mean 1305.403  variance 79887.82 

final counts: 28 10 10 16 

   user  system elapsed 
  3.643   0.008   3.651 
     [,1] [,2] [,3] [,4] [,5] [,6] [,7] [,8]
[1,]    1    1    4    4    1    2    1    2
[2,]    4    4    2    1    3    1    3    2
[3,]    4    3    3    2    3    1    4    4
[4,]    1    1    4    1    3    1    3    1
[5,]    1    2    4    1    3    4    3    4
[6,]    3    2    2    1    4    4    2    2
[7,]    1    1    4    1    1    1    1    1
[8,]    1    1    4    4    1    1    1    1

ST, Sequential:
self transition frequency: 0.2303594 
average self transition probability: 0.2312563 
minimum self transition probability: 0.2318091 
fraction of time max pr > 1/2: 0.4065078 

equal neighbors: mean 62.07016  variance 66.02682 
eq
  33   34   35   36   37   38   39   40   41   42   43   44   45   46   47   48 
   3    2    4    5    8    8   23   38   70  113  165  255  468  653  955 1325 
  49   50   51   52   53   54   55   56   57   58   59   60   61   62   63   64 
1684 2155 2625 3038 3559 4107 4874 5550 6226 6328 6749 6674 6561 6691 6276 5911 
  65   66   67   68   69   70   71   72   73   74   75   76   77   78   79   80 
5617 5149 4750 4105 3634 3367 2871 2614 2244 1796 1559 1372 1021  816  712  574 
  81   82   83   84   85   86   87   88   89   90   91   92   93   94   95   96 
 452  355  277  291  157  217  146  142  106  117   64   57   41   43   29   36 
  97   98   99  100  101  102  103  104  105  107 
  19   23   45   10    3   18   32   12    2    2 

count of 1 values: mean 16.18484  variance 68.72882 

sum sq counts: mean 1289.335  variance 58369.92 

final counts: 23 20 18 3 

   user  system elapsed 
  3.473   0.001   3.474 
     [,1] [,2] [,3] [,4] [,5] [,6] [,7] [,8]
[1,]    1    2    1    1    4    1    3    3
[2,]    2    2    2    2    2    1    1    1
[3,]    2    2    2    2    1    1    2    2
[4,]    2    2    2    2    1    1    2    2
[5,]    1    1    1    2    1    1    3    3
[6,]    1    1    1    1    3    3    3    3
[7,]    2    4    1    3    3    3    3    3
[8,]    1    1    4    3    3    3    3    3

ST, Shuffled Sequential:
self transition frequency: 0.2320391 
average self transition probability: 0.2311651 
minimum self transition probability: 0.2307802 
fraction of time max pr > 1/2: 0.4054141 

equal neighbors: mean 62.1646  variance 66.86712 
eq
  33   34   35   36   37   38   39   40   41   42   43   44   45   46   47   48 
   1    4   10   10   15   22   45   97  133  179  219  374  548  768  971 1265 
  49   50   51   52   53   54   55   56   57   58   59   60   61   62   63   64 
1590 2081 2520 2944 3616 4069 4661 5188 5491 5914 6484 6574 6571 6599 6443 6022 
  65   66   67   68   69   70   71   72   73   74   75   76   77   78   79   80 
6116 5488 4969 4387 4053 3320 2932 2418 2062 1602 1561 1310 1069  936  772  632 
  81   82   83   84   85   86   87   88   89   90   91   92   93   94   95   96 
 576  442  385  289  228  207  165  150  128   93   90   47   33   38   15   18 
  97   98   99  101  103 
  16   12    5    3    5 

count of 1 values: mean 15.3547  variance 57.02977 

sum sq counts: mean 1291.845  variance 56627.36 

final counts: 15 2 21 26 

   user  system elapsed 
  3.476   0.000   3.476 
     [,1] [,2] [,3] [,4] [,5] [,6] [,7] [,8]
[1,]    4    4    4    1    3    1    4    2
[2,]    4    4    4    4    4    1    1    1
[3,]    1    4    3    4    4    4    4    4
[4,]    4    4    3    4    1    3    4    4
[5,]    4    3    3    3    3    1    1    1
[6,]    3    3    3    3    3    1    4    1
[7,]    3    3    3    3    3    3    4    3
[8,]    3    4    1    1    4    1    4    2

ST, Checkerboard:
self transition frequency: 0.2292109 
average self transition probability: 0.2286747 
minimum self transition probability: 0.2288459 
fraction of time max pr > 1/2: 0.4021484 

equal neighbors: mean 61.94016  variance 67.33317 
eq
  35   36   37   38   39   40   41   42   43   44   45   46   47   48   49   50 
   6   12   16   20   49   67   96  157  214  386  564  790  993 1344 1709 2196 
  51   52   53   54   55   56   57   58   59   60   61   62   63   64   65   66 
2768 3353 4020 4533 4937 5323 5544 6057 6222 6340 6485 6484 6384 5907 5863 5061 
  67   68   69   70   71   72   73   74   75   76   77   78   79   80   81   82 
4702 4165 3589 3226 2728 2585 2225 1804 1425 1354 1032 1025  777  723  441  445 
  83   84   85   86   87   88   89   90   91   92   93   94   95   96   97   98 
 348  376  228  188  210  156   84   83   37   52   46   19    8   12    3    4 

count of 1 values: mean 16.26879  variance 66.08501 

sum sq counts: mean 1287.143  variance 54376.87 

final counts: 31 17 6 10 

   user  system elapsed 
  3.503   0.000   3.503 
     [,1] [,2] [,3] [,4] [,5] [,6] [,7] [,8]
[1,]    4    2    4    1    1    3    4    4
[2,]    3    1    3    1    1    1    4    2
[3,]    1    1    1    1    1    2    2    4
[4,]    1    1    2    2    2    3    4    4
[5,]    1    1    3    1    1    1    2    2
[6,]    1    3    2    1    1    1    1    1
[7,]    1    2    2    2    1    1    2    1
[8,]    4    1    1    2    4    2    2    1

ST, Random order:
self transition frequency: 0.2301406 
average self transition probability: 0.2295105 
minimum self transition probability: 0.2291319 
fraction of time max pr > 1/2: 0.402625 

equal neighbors: mean 62.00616  variance 66.95316 
eq
  35   36   37   38   39   40   41   42   43   44   45   46   47   48   49   50 
   4    3   11   17   17   41   67  160  259  366  516  662  934 1283 1600 2099 
  51   52   53   54   55   56   57   58   59   60   61   62   63   64   65   66 
2644 3490 3891 4595 5265 5585 6059 6169 6218 6410 6272 6160 6138 5665 5324 4978 
  67   68   69   70   71   72   73   74   75   76   77   78   79   80   81   82 
4735 4359 3783 3309 2978 2537 2221 1944 1528 1351 1212 1088  811  611  541  406 
  83   84   85   86   87   88   89   90   91   92   93   94   95   96   97   98 
 309  266  236  157  162  102   98   85   66   49   60   48   10   18   14    4 

count of 1 values: mean 16.35152  variance 68.20606 

sum sq counts: mean 1289.697  variance 54703.68 

final counts: 37 8 8 11 

   user  system elapsed 
  3.466   0.000   3.467 
     [,1] [,2] [,3] [,4] [,5] [,6] [,7] [,8]
[1,]    3    3    3    1    4    4    1    3
[2,]    2    1    1    1    4    1    1    1
[3,]    2    1    2    3    3    3    4    4
[4,]    1    1    2    2    2    1    1    1
[5,]    1    1    1    1    1    1    1    1
[6,]    1    1    4    1    4    1    2    1
[7,]    1    1    1    1    1    1    1    1
[8,]    4    1    2    4    4    4    1    3

ST, Random order x4:
self transition frequency: 0.2336719 
average self transition probability: 0.2329251 
minimum self transition probability: 0.2323454 
fraction of time max pr > 1/2: 0.4079375 

equal neighbors: mean 62.27905  variance 68.58215 
eq
  34   35   36   37   38   39   40   41   42   43   44   45   46   47   48   49 
   1    2    4    4   11   23   33   79  132  246  320  514  677  905 1229 1725 
  50   51   52   53   54   55   56   57   58   59   60   61   62   63   64   65 
2065 2495 3244 3744 4357 4667 5306 5602 6058 6184 6351 6529 6402 6354 5850 5664 
  66   67   68   69   70   71   72   73   74   75   76   77   78   79   80   81 
5280 4732 4345 3960 3486 2932 2645 2304 1926 1594 1356 1162 1040  799  754  532 
  82   83   84   85   86   87   88   89   90   91   92   93   94   95   96   97 
 381  315  296  222  189  176  128  107   84   76   63   68   49   45   36   58 
  98   99  100  101  102 
  40   19   10    8    6 

count of 1 values: mean 15.6393  variance 65.37559 

sum sq counts: mean 1297.831  variance 60316.52 

final counts: 13 24 24 3 

   user  system elapsed 
  3.453   0.000   3.453 
     [,1] [,2] [,3] [,4] [,5] [,6] [,7] [,8]
[1,]    2    3    3    1    3    3    3    4
[2,]    3    3    3    2    2    4    2    3
[3,]    3    3    2    2    2    3    2    2
[4,]    4    2    2    1    3    3    2    3
[5,]    2    2    2    2    3    3    1    3
[6,]    2    2    2    1    1    3    2    3
[7,]    1    1    2    1    1    3    1    3
[8,]    2    2    2    1    3    3    1    1

DST, Random:
self transition frequency: 0.2315625 
average self transition probability: 0.2316939 
minimum self transition probability: 0.231542 
fraction of time max pr > 1/2: 0.4066797 

equal neighbors: mean 62.2149  variance 70.8924 
eq
  33   34   35   36   37   38   39   40   41   42   43   44   45   46   47   48 
   1    4    2    5   17   24   51   63  115  139  256  377  506  699 1007 1313 
  49   50   51   52   53   54   55   56   57   58   59   60   61   62   63   64 
1818 2198 2631 3109 3669 4197 4804 5134 5710 6092 6257 6321 6254 6357 6332 6104 
  65   66   67   68   69   70   71   72   73   74   75   76   77   78   79   80 
5560 5129 4589 4299 3963 3467 3131 2751 2253 1912 1624 1389 1088  860  764  561 
  81   82   83   84   85   86   87   88   89   90   91   92   93   94   95   96 
 467  406  249  255  200  238  212  193  104  100   81   91  122   57   64   63 
  97   98   99  100  101  102  103  104  105  107 
  55   49   36   15   21    9    4    1    1    1 

count of 1 values: mean 15.64777  variance 66.53206 

sum sq counts: mean 1295.296  variance 60239.66 

final counts: 20 5 5 34 

   user  system elapsed 
  4.736   0.000   4.736 
     [,1] [,2] [,3] [,4] [,5] [,6] [,7] [,8]
[1,]    4    1    2    2    4    1    4    4
[2,]    4    1    1    3    4    4    1    4
[3,]    4    4    3    3    4    4    4    4
[4,]    4    2    2    1    4    4    3    4
[5,]    4    4    4    1    1    1    1    4
[6,]    4    4    4    3    1    1    1    4
[7,]    4    4    4    4    1    1    1    4
[8,]    4    1    4    1    1    1    2    4

DST, Sequential:
self transition frequency: 0.2306328 
average self transition probability: 0.2304936 
minimum self transition probability: 0.2303741 
fraction of time max pr > 1/2: 0.4044531 

equal neighbors: mean 62.02294  variance 63.43109 
eq
  34   35   36   37   38   39   40   41   42   43   44   45   46   47   48   49 
   3    5   12   10   21   27   62   83  112  175  266  418  547  855 1121 1515 
  50   51   52   53   54   55   56   57   58   59   60   61   62   63   64   65 
2067 2597 3299 3910 4456 4845 5469 5854 6314 6525 6900 6860 6592 6284 5912 5653 
  66   67   68   69   70   71   72   73   74   75   76   77   78   79   80   81 
5269 4777 4307 3795 3542 2928 2419 2157 1723 1393 1205 1000  942  671  671  455 
  82   83   84   85   86   87   88   89   90   91   92   93   94   95   96   97 
 381  290  217  197  105  109  134  130   81   73   70   47   19   39   44    5 
  98   99  100  101  102  103  104 
   7   10    1    3    1    1   13 

count of 1 values: mean 16.08505  variance 63.61941 

sum sq counts: mean 1291.599  variance 53093.18 

final counts: 34 3 17 10 

   user  system elapsed 
   4.74    0.00    4.74 
     [,1] [,2] [,3] [,4] [,5] [,6] [,7] [,8]
[1,]    1    3    1    4    2    2    4    4
[2,]    3    3    3    3    1    4    4    3
[3,]    1    1    3    3    4    3    1    2
[4,]    1    1    1    4    4    4    1    1
[5,]    1    1    1    1    3    3    1    1
[6,]    1    1    1    1    1    1    1    1
[7,]    4    1    1    3    3    1    1    3
[8,]    1    1    1    3    3    1    1    3

DST, Shuffled Sequential:
self transition frequency: 0.2326172 
average self transition probability: 0.2320017 
minimum self transition probability: 0.2317462 
fraction of time max pr > 1/2: 0.4067344 

equal neighbors: mean 62.16102  variance 69.56249 
eq
  35   36   37   38   39   40   41   42   43   44   45   46   47   48   49   50 
   4    4    8   13   27   53   96  142  208  382  596  780 1108 1384 1706 2063 
  51   52   53   54   55   56   57   58   59   60   61   62   63   64   65   66 
2565 3124 3585 4130 4766 5363 5611 6231 6620 6649 6733 6399 6376 5987 5432 4969 
  67   68   69   70   71   72   73   74   75   76   77   78   79   80   81   82 
4601 3952 3520 3064 2888 2573 2186 1876 1574 1388 1222 1083  886  781  673  583 
  83   84   85   86   87   88   89   90   91   92   93   94   95   96   97   98 
 454  388  301  213  181  105  101   46   30   29   26   30   19   31   12   20 
  99  100  101  103  104  107  108 
  14    4    5   13    3    5    6 

count of 1 values: mean 15.90713  variance 68.29644 

sum sq counts: mean 1299.436  variance 59043.82 

final counts: 15 7 29 13 

   user  system elapsed 
  4.729   0.000   4.729 
     [,1] [,2] [,3] [,4] [,5] [,6] [,7] [,8]
[1,]    4    4    2    1    1    1    4    4
[2,]    4    4    1    1    1    1    4    2
[3,]    4    1    1    1    1    1    2    3
[4,]    4    4    3    3    3    1    3    3
[5,]    3    3    3    3    3    3    2    3
[6,]    3    3    3    3    3    3    3    3
[7,]    3    3    3    2    2    3    4    3
[8,]    3    3    3    1    2    1    4    4

DST, Checkerboard:
self transition frequency: 0.2252266 
average self transition probability: 0.2254918 
minimum self transition probability: 0.225651 
fraction of time max pr > 1/2: 0.3976172 

equal neighbors: mean 61.61162  variance 61.84892 
eq
  34   35   36   37   38   39   40   41   42   43   44   45   46   47   48   49 
   3    4    9   26   33   37   64  107  170  216  325  483  690  916 1306 1683 
  50   51   52   53   54   55   56   57   58   59   60   61   62   63   64   65 
2203 2555 3245 3811 4643 5294 5685 6239 6543 6632 6786 6813 6647 6469 6010 5486 
  66   67   68   69   70   71   72   73   74   75   76   77   78   79   80   81 
5095 4738 4049 3643 3239 2782 2359 2016 1777 1408 1172  888  707  570  511  390 
  82   83   84   85   86   87   88   89   90   91   92   93   94   95   96   97 
 311  259  182  130   91  110   81   39   48   41   44   11   41   25    7   14 
  98   99  101  103  105  107  109  110  111  112  113  114  115  116 
   3   12    7    7    1    1   11    3    7    3    5   27    1    1 

count of 1 values: mean 16.67998  variance 66.05518 

sum sq counts: mean 1266.06  variance 47778.56 

final counts: 3 12 10 39 

   user  system elapsed 
  4.810   0.000   4.811 
     [,1] [,2] [,3] [,4] [,5] [,6] [,7] [,8]
[1,]    4    4    4    4    2    2    4    4
[2,]    4    4    4    3    1    2    4    3
[3,]    4    2    2    2    1    1    4    2
[4,]    4    2    2    3    3    3    4    2
[5,]    4    4    4    3    3    3    4    4
[6,]    4    4    4    4    4    4    4    4
[7,]    4    3    2    2    3    4    4    4
[8,]    4    4    4    4    4    4    4    4

DST, Random order:
self transition frequency: 0.2280312 
average self transition probability: 0.2284346 
minimum self transition probability: 0.2286876 
fraction of time max pr > 1/2: 0.4028125 

equal neighbors: mean 61.93428  variance 67.46141 
eq
  32   33   34   35   36   37   38   39   40   41   42   43   44   45   46   47 
   2    2    1    6    6    4   19   42   72  127  240  322  477  622  801 1071 
  48   49   50   51   52   53   54   55   56   57   58   59   60   61   62   63 
1409 1773 2156 2712 3110 3702 4133 4713 5464 5793 6003 6176 6418 6255 6277 6158 
  64   65   66   67   68   69   70   71   72   73   74   75   76   77   78   79 
6023 5593 5271 4889 4614 4186 3428 2983 2595 2287 1732 1575 1273  985  870  672 
  80   81   82   83   84   85   86   87   88   89   90   91   92   93   94   95 
 587  438  336  314  223  134  132  130  122  104   58   50   41   16   33   31 
  96   97   98   99  100  101  102  103  104  106  107  109 
  65   37   31   28   21    9    5    2    4    2    3    2 

count of 1 values: mean 16.25187  variance 67.35216 

sum sq counts: mean 1286.116  variance 52127.58 

final counts: 17 12 20 15 

   user  system elapsed 
  4.755   0.000   4.755 
     [,1] [,2] [,3] [,4] [,5] [,6] [,7] [,8]
[1,]    1    4    4    1    4    1    1    1
[2,]    2    2    3    1    4    4    4    2
[3,]    3    2    1    1    4    1    1    3
[4,]    1    1    4    3    4    3    4    2
[5,]    2    4    3    1    3    3    2    2
[6,]    2    4    1    1    3    3    3    2
[7,]    3    4    1    3    3    3    3    3
[8,]    3    4    2    2    4    1    3    3

DST, Random order x4:
self transition frequency: 0.2204531 
average self transition probability: 0.2225749 
minimum self transition probability: 0.2234673 
fraction of time max pr > 1/2: 0.3945234 

equal neighbors: mean 61.32946  variance 62.96167 
eq
  34   35   36   37   38   39   40   41   42   43   44   45   46   47   48   49 
   6    6    7   10   22   30   61   89  153  225  382  539  826 1104 1557 1916 
  50   51   52   53   54   55   56   57   58   59   60   61   62   63   64   65 
2401 2907 3562 4189 4899 5410 5877 6278 6403 6443 6701 6555 6454 6013 5830 5116 
  66   67   68   69   70   71   72   73   74   75   76   77   78   79   80   81 
4868 4723 4003 3558 3105 2620 2349 1856 1560 1349 1111  925  775  656  517  434 
  82   83   84   85   86   87   88   89   90   91   92   93   94   95   96   97 
 366  300  228  184   95  111   80   50   31   26   42   22   27   12   17   13 
  98   99  100 
  12    2    2 

count of 1 values: mean 16.65924  variance 68.78738 

sum sq counts: mean 1272.862  variance 47563.11 

final counts: 11 12 9 32 

   user  system elapsed 
  4.775   0.000   4.775 
     [,1] [,2] [,3] [,4] [,5] [,6] [,7] [,8]
[1,]    4    4    4    4    2    2    3    4
[2,]    1    3    4    4    2    3    3    4
[3,]    2    2    2    2    2    2    4    4
[4,]    4    4    4    4    1    2    3    4
[5,]    4    4    4    4    4    4    4    4
[6,]    4    4    4    3    1    1    4    4
[7,]    1    2    4    3    1    1    1    4
[8,]    1    1    4    2    3    1    4    3

UST, Random:
self transition frequency: 0.2311719 
average self transition probability: 0.2303151 
minimum self transition probability: 0.2301322 
fraction of time max pr > 1/2: 0.4042812 

equal neighbors: mean 61.99044  variance 68.87263 
eq
  33   34   35   36   37   38   39   40   41   42   43   44   45   46   47   48 
   1    1    4    4   14   19   22   46   92  125  212  339  483  732 1035 1260 
  49   50   51   52   53   54   55   56   57   58   59   60   61   62   63   64 
1671 2039 2596 3245 3732 4284 4917 5502 5923 6544 6672 6719 6845 6487 6402 5953 
  65   66   67   68   69   70   71   72   73   74   75   76   77   78   79   80 
5483 4954 4478 4217 3821 3219 2914 2468 2269 1785 1542 1212 1072  848  689  586 
  81   82   83   84   85   86   87   88   89   90   91   92   93   94   95   96 
 398  340  263  159  142  131  104   96   94   62   52   27   36   55   34   54 
  97   98   99  100  101  102  103  104  105  106  107  108  109  110  111  113 
  37   28   49   44   33   68   54   24   48   30    2   23    4   14    9    8 
 114 
   1 

count of 1 values: mean 15.81894  variance 64.82866 

sum sq counts: mean 1295.385  variance 63703.92 

final counts: 1 6 45 12 

   user  system elapsed 
  4.476   0.004   4.480 
     [,1] [,2] [,3] [,4] [,5] [,6] [,7] [,8]
[1,]    3    3    3    3    3    3    2    3
[2,]    3    3    3    3    3    3    3    3
[3,]    2    4    3    3    3    3    3    3
[4,]    2    3    3    3    3    4    2    3
[5,]    4    4    4    3    2    3    3    4
[6,]    3    4    4    3    3    3    4    4
[7,]    3    3    1    3    3    4    2    3
[8,]    3    3    3    3    3    4    3    3

UST, Sequential:
self transition frequency: 0.2238359 
average self transition probability: 0.2246674 
minimum self transition probability: 0.2255143 
fraction of time max pr > 1/2: 0.3976172 

equal neighbors: mean 61.53995  variance 62.88366 
eq
  34   35   36   37   38   39   40   41   42   43   44   45   46   47   48   49 
   5    6    6   18   43   61   87  133  166  217  347  498  705 1008 1341 1694 
  50   51   52   53   54   55   56   57   58   59   60   61   62   63   64   65 
2250 2798 3429 3993 4589 5203 5732 6065 6544 6549 6652 6685 6500 6161 5907 5546 
  66   67   68   69   70   71   72   73   74   75   76   77   78   79   80   81 
4980 4887 4469 3765 3302 2805 2409 1929 1548 1281 1008  880  718  601  445  407 
  82   83   84   85   86   87   88   89   90   91   92   93   94   95   96   97 
 275  206  195  125   96  134   69   72   73   53   74   53   45   24   23   22 
  98   99  100  102  104  106  108  110 
  20   38    4    2    6    9    6    4 

count of 1 values: mean 16.11437  variance 60.8472 

sum sq counts: mean 1274.1  variance 52671.14 

final counts: 28 19 4 13 

   user  system elapsed 
  4.527   0.000   4.527 
     [,1] [,2] [,3] [,4] [,5] [,6] [,7] [,8]
[1,]    1    4    1    4    4    1    1    1
[2,]    2    2    4    4    1    1    1    1
[3,]    2    2    2    1    1    3    4    2
[4,]    2    2    2    1    1    2    2    2
[5,]    4    3    2    1    2    2    1    2
[6,]    1    4    1    4    1    1    1    1
[7,]    1    3    2    4    4    2    1    1
[8,]    1    4    2    3    4    1    1    1

UST, Shuffled Sequential:
self transition frequency: 0.2270156 
average self transition probability: 0.2272623 
minimum self transition probability: 0.2279312 
fraction of time max pr > 1/2: 0.40025 

equal neighbors: mean 61.78669  variance 64.99165 
eq
  35   36   37   38   39   40   41   42   43   44   45   46   47   48   49   50 
   5    6   18   21   43   48   67  131  193  301  516  782  948 1374 1717 2213 
  51   52   53   54   55   56   57   58   59   60   61   62   63   64   65   66 
2787 3398 4103 4575 5200 5594 5952 6275 6302 6451 6394 6319 6206 5751 5541 5209 
  67   68   69   70   71   72   73   74   75   76   77   78   79   80   81   82 
4808 4296 3823 3321 2810 2502 2242 1820 1457 1208  934  770  605  568  481  340 
  83   84   85   86   87   88   89   90   91   92   93   94   95   96   97   98 
 270  286  150  112  128  115   85   67   52   55   67   67   36   18   12   17 
  99  100  101  103  104 
  11    9    8    3    7 

count of 1 values: mean 15.48125  variance 67.39863 

sum sq counts: mean 1286.661  variance 54146.36 

final counts: 9 15 27 13 

   user  system elapsed 
  4.485   0.000   4.485 
     [,1] [,2] [,3] [,4] [,5] [,6] [,7] [,8]
[1,]    4    1    1    3    3    3    3    4
[2,]    4    2    3    2    3    3    4    2
[3,]    4    4    4    3    3    3    2    2
[4,]    4    2    3    3    3    1    4    2
[5,]    2    2    2    3    3    1    2    3
[6,]    2    2    1    3    3    3    2    3
[7,]    4    4    3    3    3    3    2    4
[8,]    1    1    1    3    3    1    3    4

UST, Checkerboard:
self transition frequency: 0.2316641 
average self transition probability: 0.2313425 
minimum self transition probability: 0.2309673 
fraction of time max pr > 1/2: 0.4052031 

equal neighbors: mean 62.17823  variance 68.63046 
eq
  35   36   37   38   39   40   41   42   43   44   45   46   47   48   49   50 
   2    3   11   18   27   52  124  136  241  360  498  699  942 1298 1662 2106 
  51   52   53   54   55   56   57   58   59   60   61   62   63   64   65   66 
2575 3111 3692 4201 4703 5242 5690 6097 6464 6643 6565 6578 6270 5729 5595 5381 
  67   68   69   70   71   72   73   74   75   76   77   78   79   80   81   82 
5003 4415 3917 3396 2948 2507 2169 1817 1704 1322 1098  801  648  582  413  360 
  83   84   85   86   87   88   89   90   91   92   93   94   95   96   97   98 
 326  241  240  185  150  150  152   96  149   92   56   76   51   68   54   15 
  99  100  101  102  104  106 
  26   31    3    7   16    1 

count of 1 values: mean 16.56412  variance 73.6431 

sum sq counts: mean 1297.069  variance 59955.45 

final counts: 4 8 15 37 

   user  system elapsed 
  4.511   0.000   4.512 
     [,1] [,2] [,3] [,4] [,5] [,6] [,7] [,8]
[1,]    4    2    2    4    4    4    4    4
[2,]    4    3    1    3    4    4    4    4
[3,]    2    2    4    3    4    4    1    2
[4,]    4    4    4    3    4    4    4    4
[5,]    3    3    3    3    4    4    4    3
[6,]    4    3    3    3    4    4    4    4
[7,]    4    2    4    4    4    4    4    1
[8,]    4    2    2    3    3    1    3    4

UST, Random order:
self transition frequency: 0.2300859 
average self transition probability: 0.2301067 
minimum self transition probability: 0.2300945 
fraction of time max pr > 1/2: 0.4038203 

equal neighbors: mean 62.12181  variance 67.70549 
eq
  35   36   37   38   39   40   41   42   43   44   45   46   47   48   49   50 
   2    2   12   20   32   25   73  136  198  275  484  693  918 1255 1578 2055 
  51   52   53   54   55   56   57   58   59   60   61   62   63   64   65   66 
2620 3096 3875 4414 5100 5527 5776 6210 6479 6472 6596 6356 6250 5973 5581 5096 
  67   68   69   70   71   72   73   74   75   76   77   78   79   80   81   82 
4687 4477 3818 3430 2896 2507 2168 1831 1558 1220 1047  876  791  615  540  454 
  83   84   85   86   87   88   89   90   91   92   93   94   95   96   97   98 
 320  271  207  201  123  104  110   91   65   40   47   34   59   29   24   23 
  99  100  101  102  103  104  105  106  107  108  109  110  111  112  113 
  37   26    8    3   14    6   11    4    8    4    2    5   12   10    8 

count of 1 values: mean 15.92993  variance 68.42166 

sum sq counts: mean 1297.556  variance 63341.67 

final counts: 5 25 17 17 

   user  system elapsed 
  4.546   0.000   4.546 
     [,1] [,2] [,3] [,4] [,5] [,6] [,7] [,8]
[1,]    2    2    2    4    4    2    2    4
[2,]    2    3    2    3    3    4    4    4
[3,]    2    3    1    1    3    4    3    1
[4,]    3    3    4    3    3    4    4    3
[5,]    3    2    4    2    3    3    4    1
[6,]    2    2    1    3    4    3    2    2
[7,]    2    2    2    4    4    2    2    2
[8,]    2    3    2    4    4    2    2    2

UST, Random order x4:
self transition frequency: 0.2271328 
average self transition probability: 0.2277623 
minimum self transition probability: 0.2281334 
fraction of time max pr > 1/2: 0.4005313 

equal neighbors: mean 61.91272  variance 67.41886 
eq
  35   36   37   38   39   40   41   42   43   44   45   46   47   48   49   50 
   2    1    3   10   14   42   74  109  183  315  510  734  983 1299 1792 2215 
  51   52   53   54   55   56   57   58   59   60   61   62   63   64   65   66 
2769 3253 3836 4423 5094 5491 6072 6337 6473 6631 6715 6540 6300 6100 5677 4922 
  67   68   69   70   71   72   73   74   75   76   77   78   79   80   81   82 
4490 4100 3542 3132 2755 2322 2015 1675 1464 1259 1106  837  856  725  561  474 
  83   84   85   86   87   88   89   90   91   92   93   94   95   96   97   98 
 346  292  252  187  114   82   61   40   44   31   38   31    9   22   37   18 
  99  100  101  102  103  104  105  106  107  108  109  110  112  114  116 
   9    2    6   12   20    4   19   14   12   12   13   12   14   12    3 

count of 1 values: mean 15.83716  variance 62.47084 

sum sq counts: mean 1284.046  variance 54716.76 

final counts: 16 13 21 14 

   user  system elapsed 
   4.62    0.00    4.62 
     [,1] [,2] [,3] [,4] [,5] [,6] [,7] [,8]
[1,]    3    3    4    1    4    4    3    3
[2,]    3    3    3    2    2    2    3    1
[3,]    4    2    1    3    4    2    3    3
[4,]    2    2    4    3    3    2    3    2
[5,]    2    2    3    1    3    1    2    4
[6,]    1    1    1    3    4    1    1    4
[7,]    1    1    1    2    4    3    4    4
[8,]    1    4    1    1    4    3    3    3

UDST, Random:
self transition frequency: 0.226 
average self transition probability: 0.2266253 
minimum self transition probability: 0.2269815 
fraction of time max pr > 1/2: 0.3995781 

equal neighbors: mean 61.76941  variance 68.47625 
eq
  32   33   34   35   36   37   38   39   40   41   42   43   44   45   46   47 
   1    3    6   10   19   18   34   53   85  157  204  325  405  560  785  999 
  48   49   50   51   52   53   54   55   56   57   58   59   60   61   62   63 
1340 1764 2282 2886 3424 3975 4471 5040 5576 5961 6205 6384 6436 6297 6347 6141 
  64   65   66   67   68   69   70   71   72   73   74   75   76   77   78   79 
5628 5461 5063 4574 4004 3747 3264 2893 2488 2085 1832 1544 1353 1052  877  785 
  80   81   82   83   84   85   86   87   88   89   90   91   92   93   94   95 
 613  509  338  291  254  197  158  152  108   76   66   75   60   43   57   38 
  96   97   98   99  100  101  102  103  106 
  42   14   19   13    5   15    8    5    1 

count of 1 values: mean 16.35473  variance 71.11261 

sum sq counts: mean 1282.464  variance 51754.05 

final counts: 16 13 20 15 

   user  system elapsed 
  7.935   0.000   7.936 
     [,1] [,2] [,3] [,4] [,5] [,6] [,7] [,8]
[1,]    4    2    3    3    3    2    4    4
[2,]    1    1    3    3    3    2    4    3
[3,]    3    3    3    3    4    4    1    3
[4,]    3    2    3    3    4    1    1    4
[5,]    2    1    3    3    4    4    2    2
[6,]    1    1    3    2    1    2    2    1
[7,]    4    2    4    1    1    1    3    3
[8,]    4    2    2    1    1    1    4    4

UDST, Sequential:
self transition frequency: 0.2266328 
average self transition probability: 0.2272666 
minimum self transition probability: 0.2275551 
fraction of time max pr > 1/2: 0.4005703 

equal neighbors: mean 61.68955  variance 63.96981 
eq
  33   34   35   36   37   38   39   40   41   42   43   44   45   46   47   48 
   2    7    8    9   16   22   46   60   90  151  238  368  526  752 1143 1364 
  49   50   51   52   53   54   55   56   57   58   59   60   61   62   63   64 
1794 2179 2620 3281 3888 4428 4770 5432 6135 6490 6859 6749 6643 6779 6093 6011 
  65   66   67   68   69   70   71   72   73   74   75   76   77   78   79   80 
5449 5235 4650 4147 3771 3183 2751 2253 1876 1674 1406 1243 1090  835  656  492 
  81   82   83   84   85   86   87   88   89   90   91   92   93   94   95   96 
 498  372  249  210  152  180  152  127   64   72   45   61   59   31   20    7 
  97   98   99  100 
  21    7    8    1 

count of 1 values: mean 15.81542  variance 64.6362 

sum sq counts: mean 1283.84  variance 50670.07 

final counts: 7 27 25 5 

   user  system elapsed 
  7.873   0.000   7.873 
     [,1] [,2] [,3] [,4] [,5] [,6] [,7] [,8]
[1,]    3    3    2    2    2    3    3    3
[2,]    2    1    1    2    2    3    3    3
[3,]    3    1    3    2    2    3    4    3
[4,]    3    2    3    2    2    1    2    2
[5,]    2    1    1    2    2    4    2    2
[6,]    2    4    2    2    4    4    2    2
[7,]    2    2    3    2    3    3    3    2
[8,]    3    3    3    3    3    1    3    3

UDST, Shuffled Sequential:
self transition frequency: 0.2301016 
average self transition probability: 0.2294925 
minimum self transition probability: 0.2292682 
fraction of time max pr > 1/2: 0.4032344 

equal neighbors: mean 61.89471  variance 64.96445 
eq
  35   36   37   38   39   40   41   42   43   44   45   46   47   48   49   50 
   4    2    3    8   16   33   60  111  221  315  524  680  929 1242 1617 2159 
  51   52   53   54   55   56   57   58   59   60   61   62   63   64   65   66 
2656 3376 4096 4727 5240 5678 6034 6219 6460 6511 6428 6191 5949 5782 5684 5203 
  67   68   69   70   71   72   73   74   75   76   77   78   79   80   81   82 
4717 4113 3629 3372 2836 2618 2242 1777 1545 1246 1006  864  727  558  499  393 
  83   84   85   86   87   88   89   90   91   92   93   94   95   96   97   98 
 298  312  174  181  210  143   82   68   67   45   39   24   12   12   19    2 
  99  101 
   8    4 

count of 1 values: mean 15.78102  variance 63.36146 

sum sq counts: mean 1286.086  variance 54247.83 

final counts: 13 19 7 25 

   user  system elapsed 
  7.876   0.000   7.877 
     [,1] [,2] [,3] [,4] [,5] [,6] [,7] [,8]
[1,]    1    2    4    3    1    4    3    3
[2,]    1    4    4    3    3    4    4    4
[3,]    2    2    3    4    2    4    4    4
[4,]    4    2    4    4    4    1    1    4
[5,]    4    4    2    4    1    2    4    4
[6,]    2    1    1    2    2    2    2    2
[7,]    3    1    1    4    2    2    2    1
[8,]    1    1    4    4    2    2    2    4

UDST, Checkerboard:
self transition frequency: 0.2336484 
average self transition probability: 0.2326846 
minimum self transition probability: 0.2323322 
fraction of time max pr > 1/2: 0.4078594 

equal neighbors: mean 62.29941  variance 66.14777 
eq
  35   36   37   38   39   40   41   42   43   44   45   46   47   48   49   50 
   2    6   11   16   30   42   51  112  189  299  462  652  908 1190 1608 2004 
  51   52   53   54   55   56   57   58   59   60   61   62   63   64   65   66 
2533 3067 3766 4466 4877 5251 5774 5892 6197 6529 6371 6258 6278 5764 5728 5330 
  67   68   69   70   71   72   73   74   75   76   77   78   79   80   81   82 
4848 4447 3918 3366 3065 2691 2351 2034 1779 1361 1210 1085  817  643  589  456 
  83   84   85   86   87   88   89   90   91   92   93   94   95   96   97   98 
 350  284  193  191  117  132  105   95   58   24   41   27   29   12    9    7 
  99 
   3 

count of 1 values: mean 14.93084  variance 55.90311 

sum sq counts: mean 1294.207  variance 57328.89 

final counts: 12 14 31 7 

   user  system elapsed 
  7.781   0.000   7.782 
     [,1] [,2] [,3] [,4] [,5] [,6] [,7] [,8]
[1,]    3    3    3    3    3    3    1    1
[2,]    3    3    3    1    4    2    1    1
[3,]    2    3    3    2    2    3    3    4
[4,]    3    3    3    3    1    3    4    3
[5,]    3    4    2    3    2    4    4    3
[6,]    3    2    2    3    2    2    2    3
[7,]    2    4    1    1    1    3    1    2
[8,]    2    3    3    3    3    3    1    1

UDST, Random order:
self transition frequency: 0.2297969 
average self transition probability: 0.229424 
minimum self transition probability: 0.2291535 
fraction of time max pr > 1/2: 0.403125 

equal neighbors: mean 62.0966  variance 68.13182 
eq
  36   37   38   39   40   41   42   43   44   45   46   47   48   49   50   51 
   1    9    9   24   48   76  136  168  273  416  613  870 1180 1638 2061 2510 
  52   53   54   55   56   57   58   59   60   61   62   63   64   65   66   67 
3131 3889 4423 5007 5525 5719 6268 6656 6851 6928 6738 6389 6230 5777 5399 4800 
  68   69   70   71   72   73   74   75   76   77   78   79   80   81   82   83 
4152 3541 3119 2718 2392 1945 1564 1331 1006  887  721  685  576  562  391  424 
  84   85   86   87   88   89   90   91   92   93   94   95   96   97   98   99 
 319  299  218  180  223   94  162   88  107   93  104   72   73   37   43   42 
 100  101  102  103  104  105 
  22   23    8    8    3    6 

count of 1 values: mean 16.54997  variance 69.49161 

sum sq counts: mean 1293.802  variance 66205.37 

final counts: 12 24 11 17 

   user  system elapsed 
  7.708   0.000   7.708 
     [,1] [,2] [,3] [,4] [,5] [,6] [,7] [,8]
[1,]    2    3    4    4    1    4    1    1
[2,]    4    3    4    4    1    1    1    4
[3,]    4    3    3    3    2    4    1    4
[4,]    4    1    1    2    2    3    3    3
[5,]    3    2    2    2    2    3    4    3
[6,]    1    2    2    2    2    4    4    1
[7,]    2    2    2    2    2    4    4    2
[8,]    2    2    2    2    2    4    2    1

UDST, Random order x4:
self transition frequency: 0.2251719 
average self transition probability: 0.2252321 
minimum self transition probability: 0.2255932 
fraction of time max pr > 1/2: 0.3975 

equal neighbors: mean 61.73805  variance 66.13847 
eq
  35   36   37   38   39   40   41   42   43   44   45   46   47   48   49   50 
   4    3    7   14   17   41   93  169  269  325  548  773 1044 1238 1690 2252 
  51   52   53   54   55   56   57   58   59   60   61   62   63   64   65   66 
2676 3340 3978 4699 5248 5818 6289 6276 6554 6697 6413 6487 6254 5744 5258 4958 
  67   68   69   70   71   72   73   74   75   76   77   78   79   80   81   82 
4488 4051 3677 3156 2882 2287 2133 1739 1417 1259 1000  855  678  554  489  413 
  83   84   85   86   87   88   89   90   91   92   93   94   95   96   97   98 
 319  278  196  160  142  101  114   71   74   63   62   29   29   27   22   10 
  99  100  101  102  103  104  105  107  110  111 
   8   11    1    7    5    3    1    4    3    6 

count of 1 values: mean 16.29998  variance 64.9769 

sum sq counts: mean 1281.453  variance 57407.58 

final counts: 35 15 9 5 

   user  system elapsed 
  7.809   0.000   7.809 
     [,1] [,2] [,3] [,4] [,5] [,6] [,7] [,8]
[1,]    2    2    2    3    2    3    2    2
[2,]    1    2    1    1    1    2    2    1
[3,]    3    1    4    1    1    4    4    1
[4,]    1    2    1    1    1    1    1    1
[5,]    1    1    1    1    1    1    1    1
[6,]    4    3    3    1    1    1    1    1
[7,]    2    3    3    1    1    1    4    1
[8,]    2    2    1    1    3    3    2    2

HST, Random:
self transition frequency: 0.2290469 
average self transition probability: 0.2294832 
minimum self transition probability: 0.2294406 
fraction of time max pr > 1/2: 0.40325 

equal neighbors: mean 62.03393  variance 68.06173 
eq
  33   35   36   37   38   39   40   41   42   43   44   45   46   47   48   49 
   2    5   13   16   19   25   44   79  128  228  341  524  721 1035 1390 1678 
  50   51   52   53   54   55   56   57   58   59   60   61   62   63   64   65 
2140 2682 3079 3753 4302 4981 5610 5902 6169 6647 6467 6425 6436 5997 5853 5530 
  66   67   68   69   70   71   72   73   74   75   76   77   78   79   80   81 
5234 4736 4258 3729 3318 3019 2533 2073 1823 1470 1309 1137  834  713  540  497 
  82   83   84   85   86   87   88   89   90   91   92   93   94   95   96   97 
 392  371  353  288  289  216  146   83   89   74   64   46   13   22   16    3 
  98   99  100  101  102  104  105  106  108  110  112 
   9   12    4    8    5   15   11    2    8   15    2 

count of 1 values: mean 16.62591  variance 73.40884 

sum sq counts: mean 1290.281  variance 60064.23 

final counts: 12 22 20 10 

   user  system elapsed 
  3.462   0.004   3.466 
     [,1] [,2] [,3] [,4] [,5] [,6] [,7] [,8]
[1,]    2    3    3    3    1    3    1    1
[2,]    2    3    3    3    3    3    1    1
[3,]    1    3    3    3    3    2    1    1
[4,]    1    1    2    3    3    2    4    2
[5,]    2    4    4    3    3    2    2    2
[6,]    2    4    4    2    2    2    2    2
[7,]    2    1    4    1    4    2    2    2
[8,]    3    3    4    4    2    2    4    3

HST, Sequential:
self transition frequency: 0.2281406 
average self transition probability: 0.2286381 
minimum self transition probability: 0.2291998 
fraction of time max pr > 1/2: 0.4028906 

equal neighbors: mean 61.77036  variance 66.59966 
eq
  35   36   37   38   39   40   41   42   43   44   45   46   47   48   49   50 
   2    4    7    9   30   62  103  160  291  370  571  680  946 1234 1635 2132 
  51   52   53   54   55   56   57   58   59   60   61   62   63   64   65   66 
2709 3435 3964 4530 5337 5882 6183 6498 6485 6548 6439 6541 6102 5864 5366 4918 
  67   68   69   70   71   72   73   74   75   76   77   78   79   80   81   82 
4374 4051 3794 3291 2854 2312 2145 1964 1463 1167 1010  734  706  505  476  327 
  83   84   85   86   87   88   89   90   91   92   93   94   95   96   97   98 
 320  229  206  175  176   91   86   88   82   57   65   22   21   14   10   38 
  99  100  101  102  103  104  107  108  110  111  112  114  116  120 
  21    9    1    9   22    6    5    1    5   17    4    1    6    3 

count of 1 values: mean 16.58768  variance 71.35596 

sum sq counts: mean 1288.439  variance 58661.92 

final counts: 17 22 4 21 

   user  system elapsed 
  3.488   0.000   3.488 
     [,1] [,2] [,3] [,4] [,5] [,6] [,7] [,8]
[1,]    1    3    1    1    1    4    4    1
[2,]    2    3    1    1    1    2    2    2
[3,]    4    2    4    1    2    2    2    4
[4,]    2    2    3    2    2    2    4    4
[5,]    1    1    2    2    1    4    4    4
[6,]    1    1    2    2    2    4    4    4
[7,]    4    2    2    2    3    4    1    1
[8,]    4    1    2    4    4    4    4    4

HST, Shuffled Sequential:
self transition frequency: 0.2315234 
average self transition probability: 0.231433 
minimum self transition probability: 0.2312181 
fraction of time max pr > 1/2: 0.4057109 

equal neighbors: mean 62.16282  variance 70.46383 
eq
  34   35   36   37   38   39   40   41   42   43   44   45   46   47   48   49 
   3    1    6    2   17   29   49   76  141  220  321  481  658  956 1260 1693 
  50   51   52   53   54   55   56   57   58   59   60   61   62   63   64   65 
2038 2635 3335 3888 4343 4969 5366 5893 6224 6583 6614 6469 6395 6114 5699 5471 
  66   67   68   69   70   71   72   73   74   75   76   77   78   79   80   81 
4976 4674 4239 3837 3382 2957 2477 2127 1841 1492 1305 1072  849  794  650  589 
  82   83   84   85   86   87   88   89   90   91   92   93   94   95   96   97 
 393  411  306  258  214  164  132  129  134  101  140   51   76   60   51   36 
  98   99  100  101  102  104  105  107  108  109  110  111 
  43   11   12   13    5    8   11    7    8    6    5    5 

count of 1 values: mean 15.66998  variance 64.34644 

sum sq counts: mean 1297.366  variance 65925.36 

final counts: 15 33 2 14 

   user  system elapsed 
  3.384   0.000   3.385 
     [,1] [,2] [,3] [,4] [,5] [,6] [,7] [,8]
[1,]    2    2    4    2    1    1    4    2
[2,]    2    2    4    4    1    1    2    2
[3,]    2    2    4    4    1    4    2    2
[4,]    2    2    4    3    4    4    2    2
[5,]    2    2    2    4    2    4    2    2
[6,]    2    2    2    2    1    4    2    2
[7,]    2    3    1    1    1    1    4    2
[8,]    2    1    1    1    1    1    2    2

HST, Checkerboard:
self transition frequency: 0.2308047 
average self transition probability: 0.2305824 
minimum self transition probability: 0.2311788 
fraction of time max pr > 1/2: 0.405375 

equal neighbors: mean 62.16614  variance 65.82029 
eq
  35   36   37   38   39   40   41   42   43   44   45   46   47   48   49   50 
   2    5   14   23   34   49   69  106  200  305  412  620  832 1160 1534 1936 
  51   52   53   54   55   56   57   58   59   60   61   62   63   64   65   66 
2498 3102 3712 4317 5138 5476 6236 6310 6659 6569 6593 6387 6094 5826 5679 5136 
  67   68   69   70   71   72   73   74   75   76   77   78   79   80   81   82 
4738 4258 4010 3401 3019 2471 2145 1718 1553 1427 1102  965  771  587  504  434 
  83   84   85   86   87   88   89   90   91   92   93   94   95   96   97   98 
 367  262  235  169  207  145  117   48   40   29   20   21   33   11   33   23 
  99  100  101  102  103  104  106  108 
  21   22   21    7   10   10    4    9 

count of 1 values: mean 15.72243  variance 59.67588 

sum sq counts: mean 1288.992  variance 55331.58 

final counts: 6 36 9 13 

   user  system elapsed 
  3.374   0.004   3.380 
     [,1] [,2] [,3] [,4] [,5] [,6] [,7] [,8]
[1,]    2    4    4    2    2    2    2    1
[2,]    3    4    4    2    2    2    3    2
[3,]    3    4    4    2    4    4    4    4
[4,]    3    4    2    2    1    4    3    3
[5,]    2    2    2    2    1    1    3    3
[6,]    2    2    1    2    2    2    3    1
[7,]    2    2    2    2    2    2    2    2
[8,]    2    2    4    2    2    2    2    2

HST, Random order:
self transition frequency: 0.2308437 
average self transition probability: 0.2307006 
minimum self transition probability: 0.2307437 
fraction of time max pr > 1/2: 0.4049453 

equal neighbors: mean 62.07254  variance 69.17807 
eq
  35   36   37   38   39   40   41   42   43   44   45   46   47   48   49   50 
   2    7    6   10   21   26   53  118  196  368  485  713 1026 1320 1817 2159 
  51   52   53   54   55   56   57   58   59   60   61   62   63   64   65   66 
2682 3273 3877 4264 4978 5573 5939 6377 6502 6637 6693 6317 6100 5729 5193 4981 
  67   68   69   70   71   72   73   74   75   76   77   78   79   80   81   82 
4288 4073 3496 3337 2902 2447 2056 1884 1735 1459 1273 1062  849  656  565  472 
  83   84   85   86   87   88   89   90   91   92   93   94   95   96   97   98 
 386  321  209  190  177  120   96   99   69   78   46   38   59   16   30   17 
  99  100  101  102  103  104  106 
  18    8   16    1    5    3    2 

count of 1 values: mean 15.96796  variance 68.76542 

sum sq counts: mean 1296.971  variance 63239.96 

final counts: 13 16 15 20 

   user  system elapsed 
  3.352   0.000   3.353 
     [,1] [,2] [,3] [,4] [,5] [,6] [,7] [,8]
[1,]    1    4    4    4    4    4    4    1
[2,]    4    2    4    1    4    4    4    4
[3,]    4    3    3    3    4    4    4    4
[4,]    2    2    3    3    3    1    3    4
[5,]    2    1    3    3    3    1    2    2
[6,]    2    1    3    3    3    1    1    2
[7,]    2    1    1    3    3    1    2    2
[8,]    2    2    1    4    4    2    2    2

HST, Random order x4:
self transition frequency: 0.2333906 
average self transition probability: 0.2325718 
minimum self transition probability: 0.2320218 
fraction of time max pr > 1/2: 0.4066719 

equal neighbors: mean 62.23256  variance 71.30075 
eq
  34   35   36   37   38   39   40   41   42   43   44   45   46   47   48   49 
   2    1    5    9   18   24   45   88  150  245  335  471  733 1002 1310 1647 
  50   51   52   53   54   55   56   57   58   59   60   61   62   63   64   65 
2029 2554 3202 3707 4225 4816 5396 5789 6073 6358 6472 6651 6603 6257 5959 5659 
  66   67   68   69   70   71   72   73   74   75   76   77   78   79   80   81 
5252 4614 4190 3764 3240 2963 2557 2086 1915 1527 1308 1063  819  741  631  520 
  82   83   84   85   86   87   88   89   90   91   92   93   94   95   96   97 
 445  371  316  265  202  211  164  132  143  109  135   66   50   41   46   36 
  98   99  100  101  102  103  104  105  108 
  36   70   61   31   20    7   13    1    4 

count of 1 values: mean 15.96373  variance 67.77083 

sum sq counts: mean 1293.931  variance 64518.96 

final counts: 15 29 13 7 

   user  system elapsed 
  3.401   0.000   3.402 
     [,1] [,2] [,3] [,4] [,5] [,6] [,7] [,8]
[1,]    2    2    2    2    1    2    2    4
[2,]    2    1    3    2    2    2    3    1
[3,]    2    1    3    3    2    2    3    2
[4,]    2    1    3    3    3    4    4    1
[5,]    3    3    4    1    3    2    4    1
[6,]    4    1    1    1    4    2    1    2
[7,]    3    1    1    1    2    2    2    2
[8,]    2    2    2    2    2    3    2    2

OHST, Random:
self transition frequency: 0.2310625 
average self transition probability: 0.2306174 
minimum self transition probability: 0.2304639 
fraction of time max pr > 1/2: 0.4047734 

equal neighbors: mean 61.9111  variance 65.06718 
eq
  33   34   35   36   37   38   39   40   41   42   43   44   45   46   47   48 
   1    1    2    3    6   14   27   51   95  141  227  356  518  779 1029 1370 
  49   50   51   52   53   54   55   56   57   58   59   60   61   62   63   64 
1767 2222 2513 3147 3894 4362 4922 5515 5877 6411 6506 6591 6687 6436 6305 5875 
  65   66   67   68   69   70   71   72   73   74   75   76   77   78   79   80 
5442 4909 4269 3908 3659 3269 2983 2677 2493 1981 1677 1418 1137  912  687  566 
  81   82   83   84   85   86   87   88   89   90   91   92   93   94   95   99 
 483  421  351  263  232  138  107   70   68   70   77   28   19    7   24    5 

count of 1 values: mean 15.40496  variance 61.23752 

sum sq counts: mean 1281.771  variance 50920.31 

final counts: 12 37 9 6 

   user  system elapsed 
  4.935   0.000   4.935 
     [,1] [,2] [,3] [,4] [,5] [,6] [,7] [,8]
[1,]    2    1    3    3    3    3    3    2
[2,]    2    4    4    4    2    1    2    2
[3,]    2    2    2    2    2    2    2    2
[4,]    2    2    2    2    2    2    2    2
[5,]    1    2    2    1    2    2    2    2
[6,]    1    2    2    3    4    2    2    2
[7,]    1    3    2    1    1    3    2    2
[8,]    1    1    1    1    4    4    2    3

OHST, Sequential:
self transition frequency: 0.2252969 
average self transition probability: 0.2257689 
minimum self transition probability: 0.225752 
fraction of time max pr > 1/2: 0.3974063 

equal neighbors: mean 61.94479  variance 67.17347 
eq
  34   35   36   37   38   39   40   41   42   43   44   45   46   47   48   49 
   1    2   10   23   43   66   81  120  208  290  407  519  706  907 1190 1675 
  50   51   52   53   54   55   56   57   58   59   60   61   62   63   64   65 
2184 2691 3318 3902 4494 5010 5527 5826 5949 6196 6536 6322 6357 6055 5988 5469 
  66   67   68   69   70   71   72   73   74   75   76   77   78   79   80   81 
5229 4840 4350 3852 3330 3002 2631 2116 1930 1586 1388 1016  954  717  563  504 
  82   83   84   85   86   87   88   89   90   91   92   93   94   95   96   97 
 376  288  236  196  118  114   84   74   52   61   44   40   34   33   23   45 
  98   99  100  101  102  103  104  106  107  108  110  112 
  20    9    8    6   13    4    7   24    7    2    1    1 

count of 1 values: mean 16.10109  variance 62.83365 

sum sq counts: mean 1280.896  variance 55609.28 

final counts: 4 24 28 8 

   user  system elapsed 
   4.45    0.00    4.45 
     [,1] [,2] [,3] [,4] [,5] [,6] [,7] [,8]
[1,]    3    3    2    2    2    2    2    4
[2,]    3    2    2    2    2    2    2    3
[3,]    4    2    2    2    2    2    2    2
[4,]    3    3    3    3    1    4    3    2
[5,]    3    3    4    3    3    1    3    3
[6,]    3    3    3    3    4    3    3    3
[7,]    3    4    1    3    2    3    3    3
[8,]    1    2    2    3    2    4    2    4

OHST, Shuffled Sequential:
self transition frequency: 0.2343203 
average self transition probability: 0.2330581 
minimum self transition probability: 0.2331032 
fraction of time max pr > 1/2: 0.4085078 

equal neighbors: mean 62.33885  variance 68.35244 
eq
  31   32   33   34   35   36   37   38   39   40   41   42   43   44   45   46 
   2    1    2    3    2    3    5    9   22   42   66  107  160  288  448  604 
  47   48   49   50   51   52   53   54   55   56   57   58   59   60   61   62 
 847 1240 1597 2137 2708 3246 3805 4282 4912 5397 5773 6182 5970 6281 6217 6121 
  63   64   65   66   67   68   69   70   71   72   73   74   75   76   77   78 
6175 5924 5680 5199 4658 4437 3841 3612 3152 2661 2335 1950 1724 1398 1271 1062 
  79   80   81   82   83   84   85   86   87   88   89   90   91   92   93   94 
 856  623  508  422  373  292  251  216  149  116  106  105   90   73   78   34 
  95   96   97   98   99  100 
  26   58   18   25    6   17 

count of 1 values: mean 16.12537  variance 70.45933 

sum sq counts: mean 1299.103  variance 62295.04 

final counts: 13 21 14 16 

   user  system elapsed 
  4.308   0.004   4.312 
     [,1] [,2] [,3] [,4] [,5] [,6] [,7] [,8]
[1,]    3    4    4    4    4    4    4    3
[2,]    3    3    4    4    4    4    3    4
[3,]    3    3    4    4    4    2    2    2
[4,]    2    2    2    4    1    1    2    2
[5,]    1    3    1    1    2    2    2    3
[6,]    1    1    1    4    2    2    2    2
[7,]    1    1    2    2    2    2    2    2
[8,]    3    1    1    1    3    3    3    3

OHST, Checkerboard:
self transition frequency: 0.2350781 
average self transition probability: 0.2347926 
minimum self transition probability: 0.234463 
fraction of time max pr > 1/2: 0.4106563 

equal neighbors: mean 62.34507  variance 72.87832 
eq
  35   36   37   38   39   40   41   42   43   44   45   46   47   48   49   50 
   2    2    8   19   39   39   71  127  186  295  465  630  924 1247 1732 2234 
  51   52   53   54   55   56   57   58   59   60   61   62   63   64   65   66 
2829 3342 3827 4290 4911 5204 5590 6045 6309 6439 6243 6271 6068 6063 5626 5065 
  67   68   69   70   71   72   73   74   75   76   77   78   79   80   81   82 
4569 4112 3784 3328 2815 2413 2103 1957 1737 1449 1151 1040  855  750  611  499 
  83   84   85   86   87   88   89   90   91   92   93   94   95   96   97   98 
 443  398  319  274  223  190  127  107   91   89   58   86   61   29   58   42 
  99  100  101  102  103  104  106 
  26    5   27   19    1    8    4 

count of 1 values: mean 15.65551  variance 70.97834 

sum sq counts: mean 1313.227  variance 65437.38 

final counts: 24 20 9 11 

   user  system elapsed 
  4.354   0.000   4.354 
     [,1] [,2] [,3] [,4] [,5] [,6] [,7] [,8]
[1,]    1    4    4    4    4    1    1    1
[2,]    2    4    2    1    3    3    2    2
[3,]    2    2    2    2    1    1    1    1
[4,]    1    4    2    2    3    2    2    1
[5,]    1    4    2    2    2    2    2    1
[6,]    1    4    4    4    2    2    2    1
[7,]    3    1    1    1    1    1    3    3
[8,]    3    3    1    3    4    1    1    1

OHST, Random order:
self transition frequency: 0.2287812 
average self transition probability: 0.2284013 
minimum self transition probability: 0.2286931 
fraction of time max pr > 1/2: 0.4032031 

equal neighbors: mean 61.95055  variance 65.56711 
eq
  36   37   38   39   40   41   42   43   44   45   46   47   48   49   50   51 
   1    4   14   26   50   60  113  223  326  461  706  956 1321 1696 2199 2694 
  52   53   54   55   56   57   58   59   60   61   62   63   64   65   66   67 
3361 3924 4550 4970 5345 5932 6051 6388 6639 6672 6418 6156 5840 5608 5314 4711 
  68   69   70   71   72   73   74   75   76   77   78   79   80   81   82   83 
4184 3670 3309 2933 2501 2104 1835 1603 1285 1102  944  769  626  419  340  273 
  84   85   86   87   88   89   90   91   92   93   94   95   96   97   98   99 
 244  232  169  130  117  121   79   47   50   24   21    9   18   11   20   16 
 100  101  102  103  104  106  107 
  19   12   13   12    4    5    1 

count of 1 values: mean 15.10127  variance 60.91644 

sum sq counts: mean 1281.322  variance 52114.27 

final counts: 12 3 24 25 

   user  system elapsed 
  4.344   0.000   4.344 
     [,1] [,2] [,3] [,4] [,5] [,6] [,7] [,8]
[1,]    3    4    1    1    4    4    2    4
[2,]    1    4    1    3    1    1    1    4
[3,]    4    3    3    4    4    4    4    4
[4,]    2    4    4    4    4    4    4    4
[5,]    3    4    3    3    1    3    3    3
[6,]    4    3    3    3    1    3    3    3
[7,]    4    3    3    4    3    3    4    4
[8,]    3    3    3    3    1    1    2    1

OHST, Random order x4:
self transition frequency: 0.230625 
average self transition probability: 0.2314307 
minimum self transition probability: 0.2315043 
fraction of time max pr > 1/2: 0.4053828 

equal neighbors: mean 62.15023  variance 73.80572 
eq
  34   35   36   37   38   39   40   41   42   43   44   45   46   47   48   49 
   4    2    5   12   17   50   87  139  215  276  397  543  768 1020 1379 1794 
  50   51   52   53   54   55   56   57   58   59   60   61   62   63   64   65 
2219 2684 3392 3886 4507 5138 5471 5646 5812 6141 6235 6180 5870 5906 5625 5363 
  66   67   68   69   70   71   72   73   74   75   76   77   78   79   80   81 
4924 4683 4397 3742 3499 2977 2708 2247 1930 1668 1375 1162  932  771  716  608 
  82   83   84   85   86   87   88   89   90   91   92   93   94   95   96   97 
 480  489  310  278  238  188  133  134  106   74   59   37   65   22   32   49 
  98   99  100  101  102  103  104  107 
  38   28   37   17   28   23   10    3 

count of 1 values: mean 16.1432  variance 67.8578 

sum sq counts: mean 1296.215  variance 61992.51 

final counts: 17 14 18 15 

   user  system elapsed 
  4.318   0.004   4.322 
     [,1] [,2] [,3] [,4] [,5] [,6] [,7] [,8]
[1,]    4    1    2    2    4    4    2    4
[2,]    1    2    2    1    1    1    3    3
[3,]    2    2    2    4    1    4    4    4
[4,]    2    4    2    3    4    2    1    2
[5,]    2    1    3    3    3    1    1    3
[6,]    1    2    3    3    3    1    1    4
[7,]    3    3    3    3    1    3    1    3
[8,]    4    3    4    3    4    1    1    4
> 
