
R version 4.1.2 (2021-11-01) -- "Bird Hippie"
Copyright (C) 2021 The R Foundation for Statistical Computing
Platform: x86_64-pc-linux-gnu (64-bit)

R is free software and comes with ABSOLUTELY NO WARRANTY.
You are welcome to redistribute it under certain conditions.
Type 'license()' or 'licence()' for distribution details.

R is a collaborative project with many contributors.
Type 'contributors()' for more information and
'citation()' on how to cite R or R packages in publications.

Type 'demo()' for some demos, 'help()' for on-line help, or
'help.start()' for an HTML browser interface to help.
Type 'q()' to quit R.

> # DO THE 8x8 POTTS EXPERIMENTAL RUNS - SET C.
> 
> source("methods.r")
> source("scans.r")
> source("potts-8x8.r")
> source("plot.r")
> 
> rtype <- "c"
> 
> meth <- list (UNAM=trans_UNAM,
+               ZDNAM=trans_ZDNAM,
+               ST=trans_ST,
+               UDST=trans_UDST,
+               FSS=trans_FSS,
+               ZFSS=trans_ZFSS
+         )
> 
> scan <- list (Random=scan_random,
+               Sequential=scan_sequential,
+               `Shuffled Sequential`=scan_shuffled_sequential,
+               Checkerboard=scan_checkerboard,
+               `Random order`=scan_random_order,
+               `Random order x4`=scan_random_order_x4
+         )
> 
> source("potts-runs-8x8-tail.r")
Shuffle order: 57 4 39 1 34 23 43 14 18 51 33 21 53 42 46 10 7 9 15 52 37 41 25 44 58 60 55 50 54 20 6 49 36 62 40 35 28 29 26 12 59 31 8 38 24 48 32 27 22 64 2 13 30 17 11 61 3 16 56 63 45 19 47 5 

UNAM, Random:
self transition frequency: 0.3134314 
average self transition probability: 0.3134035 
minimum self transition probability: 0.2282435 
fraction of time max pr > 1/2: 0.4016404 

equal neighbors: mean 61.87264  variance 66.11349 
eq
    20     21     22     24     25     26     27     30     31     32     33 
     1      1      4      4      2      3      2      4      8     12     47 
    34     35     36     37     38     39     40     41     42     43     44 
   117    233    528    964   1819   3278   5594   9221  15182  23652  35691 
    45     46     47     48     49     50     51     52     53     54     55 
 51547  73565 100609 134235 174013 221734 273314 329304 386585 442696 498720 
    56     57     58     59     60     61     62     63     64     65     66 
548642 591974 623872 644603 656467 655527 643880 622821 591094 554197 512425 
    67     68     69     70     71     72     73     74     75     76     77 
466909 422552 374251 332043 287572 247041 210873 178543 149552 125735 104334 
    78     79     80     81     82     83     84     85     86     87     88 
 85946  71103  57886  47790  39099  32041  25789  21132  17090  13741  11575 
    89     90     91     92     93     94     95     96     97     98     99 
  9457   7707   5992   5064   4026   3360   2516   2291   1894   1515   1289 
   100    101    102    103    104    105    106    107    108    109    110 
   839    764    688    428    343    297    253    157    103     72     48 
   111    112    113    114    115    116 
    55     11     13     28      1      1 

count of 1 values: mean 16.07408  variance 66.31788 

sum sq counts: mean 1286.158  variance 54275.7 

final counts: 10 20 10 24 

    user   system  elapsed 
1050.360    1.737 1052.123 
     [,1] [,2] [,3] [,4] [,5] [,6] [,7] [,8]
[1,]    1    3    3    4    4    4    3    4
[2,]    4    1    2    2    3    3    3    4
[3,]    2    4    4    1    4    1    4    4
[4,]    2    3    2    2    2    2    4    2
[5,]    4    2    2    2    2    1    4    4
[6,]    4    2    4    4    3    2    2    4
[7,]    4    2    4    3    3    2    2    4
[8,]    4    1    2    4    1    1    1    1

UNAM, Sequential:
self transition frequency: 0.3140137 
average self transition probability: 0.3139905 
minimum self transition probability: 0.2288862 
fraction of time max pr > 1/2: 0.4023877 

equal neighbors: mean 61.92891  variance 66.72764 
eq
    21     22     23     24     25     27     28     29     30     31     32 
     4      2      1      5      1      2      1      5      3     12     24 
    33     34     35     36     37     38     39     40     41     42     43 
    58    124    255    421    874   1660   3186   5412   9155  14633  22915 
    44     45     46     47     48     49     50     51     52     53     54 
 34356  49697  71449  98256 132084 172342 219075 270577 327995 385007 443757 
    55     56     57     58     59     60     61     62     63     64     65 
498171 547843 589840 622659 643789 659310 658738 644229 623008 594214 557731 
    66     67     68     69     70     71     72     73     74     75     76 
513776 469947 421181 375146 328074 287497 245569 210917 179282 149249 124296 
    77     78     79     80     81     82     83     84     85     86     87 
103719  86967  70009  59281  47802  40061  32778  27152  21971  18478  14883 
    88     89     90     91     92     93     94     95     96     97     98 
 12071  10311   8371   7090   5693   4803   3810   3140   2589   2118   1687 
    99    100    101    102    103    104    105    106    107    108    109 
  1491   1106   1110    965    605    584    344    318    209    179     90 
   110    111    112    113    114    115    116    117    118    122 
   118     56     71     27     49     23     10     17     26      4 

count of 1 values: mean 16.00462  variance 66.06161 

sum sq counts: mean 1287.687  variance 56263.91 

final counts: 11 13 15 25 

    user   system  elapsed 
1057.872    1.480 1059.380 
     [,1] [,2] [,3] [,4] [,5] [,6] [,7] [,8]
[1,]    1    2    1    3    2    2    4    3
[2,]    4    4    1    4    4    4    4    4
[3,]    4    3    3    1    2    2    3    4
[4,]    3    3    1    1    1    1    3    3
[5,]    2    4    1    4    4    4    3    3
[6,]    4    3    4    4    4    3    1    1
[7,]    4    3    4    4    2    3    4    4
[8,]    2    2    2    2    2    2    4    4

UNAM, Shuffled Sequential:
self transition frequency: 0.3139971 
average self transition probability: 0.3140865 
minimum self transition probability: 0.2290722 
fraction of time max pr > 1/2: 0.4027724 

equal neighbors: mean 61.95145  variance 66.46035 
eq
    22     26     27     28     29     30     31     32     33     34     35 
     2      2      2      1      1      7     10     20     48    105    202 
    36     37     38     39     40     41     42     43     44     45     46 
   433    870   1629   3007   5022   8357  13673  21724  33078  48853  71038 
    47     48     49     50     51     52     53     54     55     56     57 
 97839 132288 172401 217405 269487 326727 384708 442715 497742 546053 587986 
    58     59     60     61     62     63     64     65     66     67     68 
620718 646567 657240 657840 646273 623760 595024 556631 514807 469452 424420 
    69     70     71     72     73     74     75     76     77     78     79 
375921 332033 288842 247286 212299 180460 150678 125650 105493  86367  72318 
    80     81     82     83     84     85     86     87     88     89     90 
 58553  49237  39130  32821  26730  21892  17930  14395  12190   9614   7997 
    91     92     93     94     95     96     97     98     99    100    101 
  6331   5209   4072   3584   2876   2423   1962   1616   1448   1220    898 
   102    103    104    105    106    107    108    109    110    111    112 
   771    567    483    444    409    259    318    213    207    131    138 
   113    114    115    116    117    118    119    120    121    122 
    89     46     19     71     43     10      7    122      4      7 

count of 1 values: mean 15.99162  variance 66.12861 

sum sq counts: mean 1288.778  variance 56699.16 

final counts: 7 9 34 14 

    user   system  elapsed 
1054.637    1.624 1056.295 
     [,1] [,2] [,3] [,4] [,5] [,6] [,7] [,8]
[1,]    3    2    4    4    4    1    3    3
[2,]    3    1    4    4    2    1    1    3
[3,]    3    3    3    3    2    3    3    3
[4,]    3    3    3    3    2    1    3    3
[5,]    3    3    3    3    3    3    3    3
[6,]    2    2    3    4    4    3    3    3
[7,]    2    4    4    4    4    4    3    2
[8,]    3    2    4    4    1    1    3    3

UNAM, Checkerboard:
self transition frequency: 0.3138866 
average self transition probability: 0.3138254 
minimum self transition probability: 0.2287233 
fraction of time max pr > 1/2: 0.4022244 

equal neighbors: mean 61.91214  variance 66.3206 
eq
    21     23     24     25     26     28     29     30     31     32     33 
     1      1      3      1      3      1      3      1      4     23     52 
    34     35     36     37     38     39     40     41     42     43     44 
   112    237    470    919   1731   3130   5305   8982  14620  22479  34543 
    45     46     47     48     49     50     51     52     53     54     55 
 50283  71368  98402 132874 173713 220993 271789 325867 383480 441835 497440 
    56     57     58     59     60     61     62     63     64     65     66 
548868 591307 622691 646855 657202 656437 644571 623343 592231 557549 518492 
    67     68     69     70     71     72     73     74     75     76     77 
469252 424855 374750 331212 286747 247910 211370 178463 148167 125116 103485 
    78     79     80     81     82     83     84     85     86     87     88 
 87319  71626  58636  47721  38213  31769  25378  21432  17463  14084  11720 
    89     90     91     92     93     94     95     96     97     98     99 
  9602   7746   6208   5058   4108   3518   2842   2415   2179   1632   1405 
   100    101    102    103    104    105    106    107    108    109    110 
  1230    983    796    624    544    393    360    329    217    154    172 
   111    112    113    114    115    116    117    118    119    120    122 
   121    116     37     37     55     74     44     30      1     51     16 
   124 
     4 

count of 1 values: mean 15.96784  variance 65.38099 

sum sq counts: mean 1286.908  variance 55462.6 

final counts: 14 8 24 18 

    user   system  elapsed 
1054.678    1.560 1056.262 
     [,1] [,2] [,3] [,4] [,5] [,6] [,7] [,8]
[1,]    4    4    3    1    3    1    3    2
[2,]    4    4    4    3    3    4    3    2
[3,]    1    2    4    4    3    3    3    3
[4,]    1    3    3    1    3    3    3    2
[5,]    4    3    3    3    2    4    4    4
[6,]    4    1    3    2    4    3    4    4
[7,]    1    4    3    1    1    1    2    1
[8,]    1    4    1    3    3    1    2    3

UNAM, Random order:
self transition frequency: 0.3137837 
average self transition probability: 0.3137232 
minimum self transition probability: 0.2286404 
fraction of time max pr > 1/2: 0.4021218 

equal neighbors: mean 61.9045  variance 66.31546 
eq
    24     28     31     32     33     34     35     36     37     38     39 
     1      1      5     16     75     95    238    470    941   1799   3089 
    40     41     42     43     44     45     46     47     48     49     50 
  5372   8813  14512  22507  34430  50814  71611  98127 131876 171787 219878 
    51     52     53     54     55     56     57     58     59     60     61 
271284 327491 384768 444308 498190 548559 592208 626986 649975 661994 657514 
    62     63     64     65     66     67     68     69     70     71     72 
646922 623715 591207 554201 513958 466832 420995 375228 328032 284449 245585 
    73     74     75     76     77     78     79     80     81     82     83 
209961 179145 150221 125561 103578  85914  71091  58418  48618  39977  31670 
    84     85     86     87     88     89     90     91     92     93     94 
 26858  22140  17281  14002  12203   9543   7899   6307   4912   4067   3409 
    95     96     97     98     99    100    101    102    103    104    105 
  2953   2418   1859   1661   1141   1198    858    894    664    613    439 
   106    107    108    109    110    111    112    113    114    115    116 
   502    299    258    114    167     86    133     17     33     33     14 
   117    118 
    11      2 

count of 1 values: mean 16.02618  variance 65.69014 

sum sq counts: mean 1286.698  variance 55241.85 

final counts: 11 31 16 6 

    user   system  elapsed 
1054.377    1.572 1055.960 
     [,1] [,2] [,3] [,4] [,5] [,6] [,7] [,8]
[1,]    4    2    2    2    2    2    3    1
[2,]    2    1    2    2    4    4    3    1
[3,]    2    2    2    3    2    4    1    1
[4,]    2    2    2    2    2    3    2    2
[5,]    3    2    2    2    2    2    2    2
[6,]    3    3    3    2    2    1    1    1
[7,]    3    3    3    1    4    4    1    3
[8,]    3    3    3    2    2    2    3    1

UNAM, Random order x4:
self transition frequency: 0.3144309 
average self transition probability: 0.3143625 
minimum self transition probability: 0.2293709 
fraction of time max pr > 1/2: 0.4031127 

equal neighbors: mean 61.971  variance 66.99831 
eq
    22     23     24     26     28     29     30     31     32     33     34 
     2      2      1      1      3      2      5      8     30     58    164 
    35     36     37     38     39     40     41     42     43     44     45 
   283    545    994   1847   3206   5537   9129  14546  22683  34766  49619 
    46     47     48     49     50     51     52     53     54     55     56 
 70939  97954 131013 169893 217742 269702 324387 382951 440745 496720 547751 
    57     58     59     60     61     62     63     64     65     66     67 
589264 622260 644688 654660 653960 643702 621404 591878 557717 514642 472024 
    68     69     70     71     72     73     74     75     76     77     78 
421109 376434 331132 289159 247574 211272 180468 151392 127796 107025  88504 
    79     80     81     82     83     84     85     86     87     88     89 
 73343  60842  49975  41206  33277  27810  22102  17527  14796  12402  10180 
    90     91     92     93     94     95     96     97     98     99    100 
  7979   6617   5415   4357   3716   3193   2755   2123   1760   1327   1242 
   101    102    103    104    105    106    107    108    109    110    111 
   941    793    558    432    423    416    200    308    112    114     58 
   112    113    114    115    116    117    118    120    122    124    128 
   133     47     45     23    103      6     15     27      3      6      1 

count of 1 values: mean 16.05694  variance 66.74895 

sum sq counts: mean 1288.993  variance 56690.14 

final counts: 12 10 22 20 

    user   system  elapsed 
1050.667    1.588 1052.264 
     [,1] [,2] [,3] [,4] [,5] [,6] [,7] [,8]
[1,]    2    2    3    3    1    4    3    1
[2,]    2    4    4    4    4    1    3    4
[3,]    4    4    2    4    4    4    1    2
[4,]    3    3    1    3    2    1    2    1
[5,]    3    4    1    2    1    1    2    4
[6,]    3    3    3    3    4    3    3    3
[7,]    3    3    3    3    4    4    3    2
[8,]    4    3    1    1    4    4    4    3

ZDNAM, Random:
self transition frequency: 0.228878 
average self transition probability: 0.2289287 
minimum self transition probability: 0.2289758 
fraction of time max pr > 1/2: 0.4026111 

equal neighbors: mean 61.9223  variance 66.54216 
eq
    23     25     27     28     30     31     32     33     34     35     36 
     2      1      1      2      5      8     28     57    130    237    493 
    37     38     39     40     41     42     43     44     45     46     47 
   844   1705   3105   5180   9181  14613  22858  34685  50698  71715  98273 
    48     49     50     51     52     53     54     55     56     57     58 
131547 171441 217480 269097 326547 384805 441890 499813 548896 592071 626065 
    59     60     61     62     63     64     65     66     67     68     69 
648014 660278 659733 645883 622827 592410 554024 513037 467435 420518 374118 
    70     71     72     73     74     75     76     77     78     79     80 
329728 286981 246637 211236 179408 150273 125413 105108  86398  71751  59229 
    81     82     83     84     85     86     87     88     89     90     91 
 48100  38800  32636  26495  21598  17766  14201  11887   9502   8038   6535 
    92     93     94     95     96     97     98     99    100    101    102 
  5209   4370   3750   2940   2483   2182   1521   1514   1228    990    818 
   103    104    105    106    107    108    109    110    111    112    113 
   730    576    446    348    300    257    180    151    111    152     71 
   114    115    116    117    118    119    122 
    44     21     36     18     40      7     37 

count of 1 values: mean 15.94938  variance 65.19082 

sum sq counts: mean 1287.592  variance 56255.68 

final counts: 21 7 28 8 

   user  system elapsed 
750.561   1.432 752.000 
     [,1] [,2] [,3] [,4] [,5] [,6] [,7] [,8]
[1,]    3    1    1    1    1    3    3    3
[2,]    3    3    3    1    2    2    2    1
[3,]    2    1    3    3    3    4    4    4
[4,]    1    3    3    3    3    4    1    1
[5,]    1    3    3    1    1    4    1    1
[6,]    1    3    3    3    4    1    1    1
[7,]    4    2    3    3    2    3    3    1
[8,]    2    1    3    3    4    3    3    3

ZDNAM, Sequential:
self transition frequency: 0.2286723 
average self transition probability: 0.2287252 
minimum self transition probability: 0.2286672 
fraction of time max pr > 1/2: 0.4021088 

equal neighbors: mean 61.93569  variance 66.76203 
eq
    19     21     22     24     25     26     27     28     29     30     31 
     1      2      1      4      5      5      1      4      5      6      6 
    32     33     34     35     36     37     38     39     40     41     42 
    26     39    117    210    467    868   1632   3146   5434   9048  14592 
    43     44     45     46     47     48     49     50     51     52     53 
 22777  34514  50498  72248  99305 132061 173194 219390 271175 326319 386055 
    54     55     56     57     58     59     60     61     62     63     64 
442867 498806 546918 588235 620801 644931 655754 654053 642217 622145 591611 
    65     66     67     68     69     70     71     72     73     74     75 
553652 512676 468644 423697 376977 333526 289643 248225 213040 180558 151560 
    76     77     78     79     80     81     82     83     84     85     86 
126601 104367  87236  71628  58664  48340  39905  32865  26777  21547  17418 
    87     88     89     90     91     92     93     94     95     96     97 
 14496  11500   9789   8120   6228   5546   4655   3664   2981   2538   2113 
    98     99    100    101    102    103    104    105    106    107    108 
  1704   1456   1171   1080    812    620    544    385    455    161    248 
   109    110    111    112    113    114    115    116    117    118    120 
   152    159     87    101     38     18     13     78     17      1     21 
   121 
    10 

count of 1 values: mean 16.01273  variance 65.93297 

sum sq counts: mean 1288.091  variance 56112.28 

final counts: 4 29 13 18 

   user  system elapsed 
748.797   1.356 750.160 
     [,1] [,2] [,3] [,4] [,5] [,6] [,7] [,8]
[1,]    2    4    2    2    3    2    2    2
[2,]    4    4    4    4    4    4    4    4
[3,]    3    4    2    4    4    3    4    4
[4,]    4    3    3    4    3    1    1    2
[5,]    2    3    4    4    3    1    2    2
[6,]    1    2    2    3    3    2    2    2
[7,]    2    2    3    3    2    2    2    2
[8,]    2    2    3    2    2    2    2    2

ZDNAM, Shuffled Sequential:
self transition frequency: 0.2292793 
average self transition probability: 0.2292113 
minimum self transition probability: 0.2292377 
fraction of time max pr > 1/2: 0.4029728 

equal neighbors: mean 61.96208  variance 66.85874 
eq
    23     24     28     29     30     31     32     33     34     35     36 
     1      1      1      2      2     10     28     70    135    258    475 
    37     38     39     40     41     42     43     44     45     46     47 
   918   1649   3044   5265   8782  14499  22724  34274  50052  70990  97280 
    48     49     50     51     52     53     54     55     56     57     58 
130680 171252 219072 270531 327149 383987 442502 497564 546278 588869 621649 
    59     60     61     62     63     64     65     66     67     68     69 
642104 655419 655353 643600 620995 594570 557205 514023 467735 423404 375844 
    70     71     72     73     74     75     76     77     78     79     80 
331773 286895 248697 212314 179759 150550 126704 107148  87589  73939  60777 
    81     82     83     84     85     86     87     88     89     90     91 
 50005  41170  32757  27394  22732  18178  14557  12215   9803   8068   6532 
    92     93     94     95     96     97     98     99    100    101    102 
  5227   4317   3893   3155   2520   2221   1943   1463   1117   1003    919 
   103    104    105    106    107    108    109    110    111    112    113 
   567    484    372    262    202    142     69    106     54     33     14 
   114    115    116    117    118    120    121    124 
    20     18     36      7     15     14      1      5 

count of 1 values: mean 16.06944  variance 66.533 

sum sq counts: mean 1288.523  variance 56415.02 

final counts: 15 8 22 19 

   user  system elapsed 
749.161   1.468 750.637 
     [,1] [,2] [,3] [,4] [,5] [,6] [,7] [,8]
[1,]    3    3    1    1    4    4    3    1
[2,]    4    4    3    1    1    4    4    4
[3,]    1    1    3    2    3    4    4    1
[4,]    3    1    4    3    3    3    3    4
[5,]    1    1    4    2    4    4    3    1
[6,]    3    3    2    2    4    4    3    3
[7,]    3    1    1    3    3    2    3    3
[8,]    2    3    1    4    4    4    2    2

ZDNAM, Checkerboard:
self transition frequency: 0.2286564 
average self transition probability: 0.2286592 
minimum self transition probability: 0.2286657 
fraction of time max pr > 1/2: 0.4022069 

equal neighbors: mean 61.90292  variance 66.22355 
eq
    21     24     25     27     29     30     31     32     33     34     35 
     1      2      2      1      2      3     16     18     63    128    251 
    36     37     38     39     40     41     42     43     44     45     46 
   485    898   1660   2975   5186   8825  14407  22734  34346  50816  72638 
    47     48     49     50     51     52     53     54     55     56     57 
 99950 133558 172660 220039 271201 327118 384598 442416 495459 547950 591043 
    58     59     60     61     62     63     64     65     66     67     68 
623674 647779 659804 658598 645679 624097 594299 556798 515081 468834 420776 
    69     70     71     72     73     74     75     76     77     78     79 
375886 328931 286209 247212 211228 179220 150184 124312 103120  85724  71214 
    80     81     82     83     84     85     86     87     88     89     90 
 57480  47284  38951  32216  26000  21427  17393  14260  11988   9906   7812 
    91     92     93     94     95     96     97     98     99    100    101 
  6414   5280   4352   3439   2981   2468   1932   1623   1398   1020    870 
   102    103    104    105    106    107    108    109    110    111    112 
   684    597    461    264    195    283    243    131    152     97     71 
   113    114    115    116    117    118    120 
    40     53     31     59      4     10     23 

count of 1 values: mean 16.01033  variance 65.7506 

sum sq counts: mean 1286.701  variance 55279.99 

final counts: 32 9 7 16 

   user  system elapsed 
749.988   1.380 751.376 
     [,1] [,2] [,3] [,4] [,5] [,6] [,7] [,8]
[1,]    1    1    1    2    1    4    1    1
[2,]    1    1    1    2    4    3    1    1
[3,]    4    4    4    3    4    4    1    2
[4,]    4    1    4    2    4    3    3    3
[5,]    3    4    1    2    2    2    2    1
[6,]    4    4    4    1    1    3    4    1
[7,]    2    1    4    1    1    1    1    1
[8,]    1    1    1    1    1    1    1    1

ZDNAM, Random order:
self transition frequency: 0.2292713 
average self transition probability: 0.2291171 
minimum self transition probability: 0.2291334 
fraction of time max pr > 1/2: 0.4028228 

equal neighbors: mean 61.95213  variance 66.55107 
eq
    18     19     20     21     22     25     26     28     29     30     31 
     1      2      1      1      2      1      2      1      1      1      7 
    32     33     34     35     36     37     38     39     40     41     42 
    23     55    119    221    495    893   1745   3107   5342   8744  14337 
    43     44     45     46     47     48     49     50     51     52     53 
 22496  34470  50670  71970  98323 131385 171576 218270 270568 325263 383306 
    54     55     56     57     58     59     60     61     62     63     64 
439953 494789 544726 586053 621402 644745 655395 657946 645776 624722 595324 
    65     66     67     68     69     70     71     72     73     74     75 
558587 516815 470845 424247 375887 331369 288793 247989 211456 179221 150962 
    76     77     78     79     80     81     82     83     84     85     86 
127626 105097  87042  71526  59173  48562  39934  33100  26511  22156  17927 
    87     88     89     90     91     92     93     94     95     96     97 
 14670  12024   9911   7970   6737   5535   4643   3816   2900   2326   2012 
    98     99    100    101    102    103    104    105    106    107    108 
  1741   1401   1168    907    705    495    479    327    305    186    210 
   109    110    111    112    113    114    115    116    118    120 
    95    148     59     91     26     20      3     20      7      9 

count of 1 values: mean 15.97516  variance 65.48745 

sum sq counts: mean 1288.264  variance 55916.23 

final counts: 9 14 26 15 

   user  system elapsed 
752.465   1.396 753.868 
     [,1] [,2] [,3] [,4] [,5] [,6] [,7] [,8]
[1,]    3    2    2    2    4    1    1    4
[2,]    3    3    3    4    4    4    1    3
[3,]    4    3    3    4    4    1    3    3
[4,]    1    3    3    3    3    4    3    3
[5,]    4    1    2    2    3    3    3    3
[6,]    4    2    2    3    3    3    4    3
[7,]    2    2    2    4    3    1    1    3
[8,]    3    2    2    4    4    1    2    2

ZDNAM, Random order x4:
self transition frequency: 0.2285641 
average self transition probability: 0.2286533 
minimum self transition probability: 0.2286975 
fraction of time max pr > 1/2: 0.402218 

equal neighbors: mean 61.89643  variance 66.75799 
eq
    24     27     30     31     32     33     34     35     36     37     38 
     1      1      3      9     21     58    119    266    540   1011   1905 
    39     40     41     42     43     44     45     46     47     48     49 
  3307   5447   9019  14576  22719  34392  50560  71931 100001 133151 172811 
    50     51     52     53     54     55     56     57     58     59     60 
220185 273100 329710 388915 446131 503000 551469 593637 626901 644895 656990 
    61     62     63     64     65     66     67     68     69     70     71 
656137 643099 620290 588407 552914 509231 466188 418341 373093 327306 283934 
    72     73     74     75     76     77     78     79     80     81     82 
246713 209035 178667 150007 125945 104504  87370  72351  59164  49277  40483 
    83     84     85     86     87     88     89     90     91     92     93 
 32974  27028  21904  17858  14944  11920  10043   8093   6580   5485   4515 
    94     95     96     97     98     99    100    101    102    103    104 
  3898   2967   2422   1996   1614   1194   1089    785    668    546    487 
   105    106    107    108    109    110    111    112    113    114    115 
   456    356    234    164    157    117     64     53     14     48     27 
   116    117    118    120 
    50      2      4      7 

count of 1 values: mean 16.04137  variance 66.52224 

sum sq counts: mean 1287.447  variance 55901.25 

final counts: 20 9 12 23 

   user  system elapsed 
748.728   1.268 750.003 
     [,1] [,2] [,3] [,4] [,5] [,6] [,7] [,8]
[1,]    4    2    1    1    3    4    2    4
[2,]    4    4    1    1    3    4    4    4
[3,]    1    1    1    1    1    3    3    1
[4,]    1    1    1    1    4    1    2    4
[5,]    3    3    2    2    4    4    4    4
[6,]    4    2    1    3    3    4    4    4
[7,]    2    2    1    3    4    3    4    2
[8,]    1    1    1    3    3    4    4    4

ST, Random:
self transition frequency: 0.2292038 
average self transition probability: 0.2291293 
minimum self transition probability: 0.229092 
fraction of time max pr > 1/2: 0.4026304 

equal neighbors: mean 61.94894  variance 67.18049 
eq
    23     25     26     28     29     30     31     32     33     34     35 
     1      1      2      4      8     11     16     40     54    128    239 
    36     37     38     39     40     41     42     43     44     45     46 
   485    978   1774   3054   5229   8841  14280  22228  34266  50127  71408 
    47     48     49     50     51     52     53     54     55     56     57 
 98724 132520 173108 219667 271863 327493 386678 442125 498075 547452 589445 
    58     59     60     61     62     63     64     65     66     67     68 
622438 643164 653589 654139 643060 622035 594212 555296 513884 467432 419949 
    69     70     71     72     73     74     75     76     77     78     79 
375208 329166 287555 247721 212892 179974 151836 127825 104737  88186  72599 
    80     81     82     83     84     85     86     87     88     89     90 
 59589  48708  40346  32349  27207  21952  17957  14657  12482   9722   8192 
    91     92     93     94     95     96     97     98     99    100    101 
  6666   5686   4572   3699   3142   2541   2281   1782   1464   1475   1147 
   102    103    104    105    106    107    108    109    110    111    112 
  1055    810    731    529    478    286    326    206    172     85    141 
   113    114    115    116    117    118    120    122 
   104     70      2    100      2      6     58      2 

count of 1 values: mean 15.96939  variance 66.04426 

sum sq counts: mean 1288.747  variance 57124.58 

final counts: 10 20 13 21 

   user  system elapsed 
774.998   1.384 776.389 
     [,1] [,2] [,3] [,4] [,5] [,6] [,7] [,8]
[1,]    1    2    4    2    3    2    1    2
[2,]    2    2    2    2    4    1    1    2
[3,]    3    2    2    2    4    4    1    1
[4,]    3    2    2    4    4    4    4    4
[5,]    4    4    3    4    1    3    3    3
[6,]    1    4    3    3    3    4    4    1
[7,]    2    4    3    3    1    2    2    2
[8,]    2    4    4    4    3    4    4    2

ST, Sequential:
self transition frequency: 0.2291655 
average self transition probability: 0.229109 
minimum self transition probability: 0.2290878 
fraction of time max pr > 1/2: 0.4028007 

equal neighbors: mean 61.95262  variance 66.9593 
eq
    20     21     22     23     24     25     26     27     28     29     30 
     1      1      2      4      6      3      4      6      2      1      9 
    31     32     33     34     35     36     37     38     39     40     41 
    21     25     55    104    222    481    899   1726   3164   5401   8847 
    42     43     44     45     46     47     48     49     50     51     52 
 14411  22608  34015  50048  70813  98141 131216 171698 219080 270454 327459 
    53     54     55     56     57     58     59     60     61     62     63 
383683 440868 497168 546625 592627 623626 645901 659876 656700 644616 621402 
    64     65     66     67     68     69     70     71     72     73     74 
592234 555065 512311 464537 421538 374358 328793 287098 247847 212421 180193 
    75     76     77     78     79     80     81     82     83     84     85 
151766 128084 106389  87985  72108  59054  48602  40018  32665  27229  22290 
    86     87     88     89     90     91     92     93     94     95     96 
 18180  15185  12285  10254   8482   7148   5865   4920   3943   3421   2567 
    97     98     99    100    101    102    103    104    105    106    107 
  2138   1904   1588   1332    917    757    641    474    298    259    230 
   108    109    110    111    112    113    114    115    116    117    118 
   115    120     63     50     61     55     36      5     16      5      4 
   120 
    78 

count of 1 values: mean 15.97257  variance 65.50806 

sum sq counts: mean 1288.328  variance 56621.4 

final counts: 13 14 18 19 

   user  system elapsed 
771.358   1.468 772.834 
     [,1] [,2] [,3] [,4] [,5] [,6] [,7] [,8]
[1,]    2    1    1    4    4    1    2    2
[2,]    3    4    2    4    4    2    2    3
[3,]    3    3    2    4    4    3    4    3
[4,]    2    3    3    1    4    4    2    1
[5,]    4    4    3    4    3    1    3    1
[6,]    3    3    3    2    2    1    1    4
[7,]    3    3    3    3    4    4    4    2
[8,]    1    1    1    1    4    4    2    2

ST, Shuffled Sequential:
self transition frequency: 0.2289895 
average self transition probability: 0.2289598 
minimum self transition probability: 0.228948 
fraction of time max pr > 1/2: 0.4025491 

equal neighbors: mean 61.93134  variance 66.92314 
eq
    23     24     25     27     28     29     30     31     32     33     34 
     1      1      2      1      2      3      4      7     20     51     94 
    35     36     37     38     39     40     41     42     43     44     45 
   185    387    837   1694   3054   5264   8764  14338  22094  34002  50369 
    46     47     48     49     50     51     52     53     54     55     56 
 71966  99492 132750 173130 220135 272232 328222 387588 444778 498562 547737 
    57     58     59     60     61     62     63     64     65     66     67 
591953 621924 642867 657063 654197 642451 621169 590214 554513 512429 466996 
    68     69     70     71     72     73     74     75     76     77     78 
421030 374794 330982 288915 247107 211771 180289 151654 126861 105255  86890 
    79     80     81     82     83     84     85     86     87     88     89 
 71977  59202  48809  39355  32347  26407  21555  18081  14848  12339   9700 
    90     91     92     93     94     95     96     97     98     99    100 
  7952   6515   5488   4513   3954   3011   2435   2202   1846   1441   1434 
   101    102    103    104    105    106    107    108    109    110    111 
   899   1004    722    623    468    421    357    274    152    199     64 
   112    113    114    115    116    118    120    124 
   103     63     32     15     45     16     24     18 

count of 1 values: mean 15.9801  variance 65.8973 

sum sq counts: mean 1287.721  variance 56530.65 

final counts: 32 12 13 7 

   user  system elapsed 
771.018   1.424 772.449 
     [,1] [,2] [,3] [,4] [,5] [,6] [,7] [,8]
[1,]    3    3    2    4    1    1    1    2
[2,]    1    2    2    3    1    1    3    3
[3,]    4    4    3    1    1    4    3    3
[4,]    2    3    3    2    3    2    2    2
[5,]    1    3    1    1    1    1    1    4
[6,]    1    1    1    1    1    1    1    1
[7,]    4    1    1    1    1    1    2    1
[8,]    3    1    2    4    2    1    1    1

ST, Checkerboard:
self transition frequency: 0.2287337 
average self transition probability: 0.2288025 
minimum self transition probability: 0.2288521 
fraction of time max pr > 1/2: 0.4024673 

equal neighbors: mean 61.91472  variance 66.39755 
eq
    21     23     24     25     26     28     29     30     31     32     33 
     1      1      2      1      1      3      1      9     14     36     92 
    34     35     36     37     38     39     40     41     42     43     44 
   175    276    545   1002   1858   3245   5502   9230  14641  22593  34482 
    45     46     47     48     49     50     51     52     53     54     55 
 50019  70620  97870 131772 172461 218951 270630 328239 385775 445093 499853 
    56     57     58     59     60     61     62     63     64     65     66 
549751 592571 625359 646777 656734 655788 644196 622398 591757 555235 513948 
    67     68     69     70     71     72     73     74     75     76     77 
466112 419837 374972 327951 287519 247445 211514 178804 150803 126370 105030 
    78     79     80     81     82     83     84     85     86     87     88 
 87629  71144  57768  48316  40232  32869  27288  22260  18512  14740  12096 
    89     90     91     92     93     94     95     96     97     98     99 
  9650   8133   6054   5161   4189   3425   2852   2285   1780   1614   1199 
   100    101    102    103    104    105    106    107    108    109    110 
  1109    906    689    615    453    286    155    150    115     65     84 
   111    112    113    114    115    116    117    118    120    121 
    52     53      5     18     21     74     29     10     47      4 

count of 1 values: mean 16.03985  variance 66.64764 

sum sq counts: mean 1287.839  variance 55866.27 

final counts: 7 4 36 17 

   user  system elapsed 
770.717   1.512 772.244 
     [,1] [,2] [,3] [,4] [,5] [,6] [,7] [,8]
[1,]    4    4    1    3    3    1    3    1
[2,]    3    3    3    3    3    3    3    3
[3,]    3    3    2    3    3    3    3    1
[4,]    3    3    3    3    3    3    3    3
[5,]    3    1    4    3    3    3    2    3
[6,]    4    4    4    3    3    3    2    4
[7,]    4    4    4    3    2    4    4    4
[8,]    4    4    1    3    3    4    4    1

ST, Random order:
self transition frequency: 0.2282318 
average self transition probability: 0.2282525 
minimum self transition probability: 0.2282937 
fraction of time max pr > 1/2: 0.401585 

equal neighbors: mean 61.8764  variance 65.75921 
eq
    23     24     26     28     29     30     31     32     33     34     35 
     1      2      1      1      4      7     20     37     78    132    264 
    36     37     38     39     40     41     42     43     44     45     46 
   485    928   1690   3132   5462   9014  14522  22615  34313  50024  71441 
    47     48     49     50     51     52     53     54     55     56     57 
 98753 131578 172594 218067 270636 326262 385853 443852 501713 551770 595226 
    58     59     60     61     62     63     64     65     66     67     68 
630605 651270 660298 660712 645734 624588 593617 556144 512530 465290 418794 
    69     70     71     72     73     74     75     76     77     78     79 
373661 329937 286152 246267 210619 177204 149596 125259 103200  85445  69683 
    80     81     82     83     84     85     86     87     88     89     90 
 57921  47040  39043  31035  25700  20707  16069  13636  11185   8998   7212 
    91     92     93     94     95     96     97     98     99    100    101 
  6159   4924   3907   3388   2945   2427   1960   1679   1410   1213    843 
   102    103    104    105    106    107    108    109    110    111    112 
   751    476    502    392    326    231    231    163    109     75     99 
   113    114    115    116    117    118    119    120 
    63     32     12     14      5     13      1     22 

count of 1 values: mean 15.98881  variance 65.72272 

sum sq counts: mean 1285.314  variance 54377.86 

final counts: 10 19 29 6 

   user  system elapsed 
775.968   1.316 777.305 
     [,1] [,2] [,3] [,4] [,5] [,6] [,7] [,8]
[1,]    2    4    3    3    3    3    2    2
[2,]    2    4    4    3    3    3    3    3
[3,]    2    1    1    1    2    2    3    3
[4,]    4    3    3    2    2    2    3    3
[5,]    4    3    2    1    3    3    2    3
[6,]    3    1    1    1    2    2    2    3
[7,]    3    1    1    1    3    2    2    3
[8,]    3    4    3    3    3    2    2    3

ST, Random order x4:
self transition frequency: 0.2293877 
average self transition probability: 0.2293458 
minimum self transition probability: 0.2293053 
fraction of time max pr > 1/2: 0.4031147 

equal neighbors: mean 61.96578  variance 66.74955 
eq
    23     24     26     27     29     30     31     32     33     34     35 
     1      1      2      2      3      2      7     16     39    118    245 
    36     37     38     39     40     41     42     43     44     45     46 
   435    865   1651   2968   5475   9066  14579  22855  34406  50235  71719 
    47     48     49     50     51     52     53     54     55     56     57 
 98805 131865 172368 217777 268098 323587 380652 439894 495815 544705 589213 
    58     59     60     61     62     63     64     65     66     67     68 
621428 645149 655747 657458 644974 625754 595553 558772 514194 467555 421399 
    69     70     71     72     73     74     75     76     77     78     79 
374845 328585 288696 247526 210879 179985 152485 127923 105596  89139  73546 
    80     81     82     83     84     85     86     87     88     89     90 
 60979  49396  41061  33758  27818  22881  18334  15258  12568  10204   8326 
    91     92     93     94     95     96     97     98     99    100    101 
  6941   5388   4538   3453   2953   2417   1884   1478   1129   1058    680 
   102    103    104    105    106    107    108    109    110    111    112 
   643    478    489    317    296    155    165     90     79     66     17 
   113    114    115    116 
    14     20      4      8 

count of 1 values: mean 16.04606  variance 66.76989 

sum sq counts: mean 1289.501  variance 56456.86 

final counts: 8 20 8 28 

   user  system elapsed 
771.773   1.464 773.256 
     [,1] [,2] [,3] [,4] [,5] [,6] [,7] [,8]
[1,]    2    1    4    4    4    3    3    2
[2,]    3    1    1    4    4    4    4    3
[3,]    2    4    4    4    4    4    4    2
[4,]    1    4    4    2    4    2    4    1
[5,]    4    4    2    2    2    2    2    4
[6,]    4    4    2    1    2    3    1    3
[7,]    4    2    2    1    2    4    3    3
[8,]    2    2    2    4    4    4    4    2

UDST, Random:
self transition frequency: 0.2281334 
average self transition probability: 0.2282399 
minimum self transition probability: 0.2282804 
fraction of time max pr > 1/2: 0.4015983 

equal neighbors: mean 61.87112  variance 66.04737 
eq
    19     21     23     25     26     27     28     29     30     31     32 
     1      1      1      1      2      1      3      2      8      8     24 
    33     34     35     36     37     38     39     40     41     42     43 
    90    118    268    528    967   1795   3199   5651   9386  14785  22891 
    44     45     46     47     48     49     50     51     52     53     54 
 34613  50714  71731  99995 133757 174369 221220 272831 328100 387743 444602 
    55     56     57     58     59     60     61     62     63     64     65 
498664 549053 590477 626003 649665 659301 659980 645324 624396 592485 554697 
    66     67     68     69     70     71     72     73     74     75     76 
511559 466302 420000 373213 328203 284824 245418 210911 177678 150680 125265 
    77     78     79     80     81     82     83     84     85     86     87 
104069  86580  71281  58305  47463  38720  31451  25495  20973  17151  13938 
    88     89     90     91     92     93     94     95     96     97     98 
 11397   9047   7414   5945   4950   4036   3412   2804   2171   1866   1498 
    99    100    101    102    103    104    105    106    107    108    109 
  1195    919    800    672    585    479    440    294    261    239    144 
   110    111    112    113    114    115    116    117    118    120 
   161     53    128     50     32      4     44     24      4      3 

count of 1 values: mean 16.03711  variance 66.20473 

sum sq counts: mean 1286.028  variance 55136.81 

final counts: 13 29 16 6 

    user   system  elapsed 
1766.221    1.664 1767.951 
     [,1] [,2] [,3] [,4] [,5] [,6] [,7] [,8]
[1,]    3    2    2    2    2    2    3    3
[2,]    2    3    3    3    2    2    1    2
[3,]    2    2    3    3    2    1    3    2
[4,]    2    1    3    4    3    3    4    2
[5,]    2    1    1    4    4    2    2    2
[6,]    1    1    1    1    2    2    2    2
[7,]    1    1    2    2    2    3    1    1
[8,]    4    4    2    2    2    3    3    3

UDST, Sequential:
self transition frequency: 0.2284361 
average self transition probability: 0.2285444 
minimum self transition probability: 0.2285369 
fraction of time max pr > 1/2: 0.4019673 

equal neighbors: mean 61.90281  variance 66.65528 
eq
    20     21     22     23     24     25     26     27     28     29     30 
     1      4      6      4      4      5      1      1      1      3      2 
    31     32     33     34     35     36     37     38     39     40     41 
     6     15     43    103    171    382    782   1556   3035   5295   8858 
    42     43     44     45     46     47     48     49     50     51     52 
 14529  22200  33893  50279  71567  98986 132676 172853 221124 272616 327217 
    53     54     55     56     57     58     59     60     61     62     63 
385903 446796 501201 554104 594132 628589 648700 658939 656528 644768 620567 
    64     65     66     67     68     69     70     71     72     73     74 
590172 551225 510328 464588 419092 372839 326925 286058 243786 209355 177777 
    75     76     77     78     79     80     81     82     83     84     85 
151434 125441 105343  87432  71061  58721  48464  39820  31988  27225  21660 
    86     87     88     89     90     91     92     93     94     95     96 
 18382  15110  12191   9791   8677   6606   5311   4635   3822   3030   2517 
    97     98     99    100    101    102    103    104    105    106    107 
  1984   1734   1341   1127    852    720    491    555    386    416    232 
   108    109    110    111    112    113    114    115    116    117    118 
   187    115    170    108    103     45     59     46     38     13      8 
   120 
    19 

count of 1 values: mean 15.96359  variance 65.41808 

sum sq counts: mean 1287.539  variance 56449.05 

final counts: 18 7 9 30 

    user   system  elapsed 
1759.456    1.760 1761.306 
     [,1] [,2] [,3] [,4] [,5] [,6] [,7] [,8]
[1,]    4    4    1    4    4    2    2    4
[2,]    4    2    1    4    4    2    4    4
[3,]    4    4    1    1    4    4    4    4
[4,]    1    1    4    4    3    3    4    2
[5,]    3    3    4    4    4    1    3    2
[6,]    1    1    1    4    1    1    1    2
[7,]    1    3    3    4    4    1    1    3
[8,]    4    3    4    4    4    1    1    4

UDST, Shuffled Sequential:
self transition frequency: 0.2294262 
average self transition probability: 0.2294003 
minimum self transition probability: 0.2293365 
fraction of time max pr > 1/2: 0.4031327 

equal neighbors: mean 61.96719  variance 66.55959 
eq
    23     24     28     29     30     31     32     33     34     35     36 
     1      1      1      2      2      6     25     58    114    259    506 
    37     38     39     40     41     42     43     44     45     46     47 
   945   1685   2918   5194   8794  14253  22100  33261  49037  69872  96702 
    48     49     50     51     52     53     54     55     56     57     58 
130805 171038 219013 269613 325335 382383 440497 496187 545379 589064 622969 
    59     60     61     62     63     64     65     66     67     68     69 
646028 656463 655788 646529 625521 595725 557144 514416 468736 423150 377277 
    70     71     72     73     74     75     76     77     78     79     80 
331505 289630 248912 212373 178915 150301 125664 105075  87046  72197  60172 
    81     82     83     84     85     86     87     88     89     90     91 
 49271  40795  33731  27361  22459  18456  14870  11831  10323   8477   6486 
    92     93     94     95     96     97     98     99    100    101    102 
  5500   4436   3824   2975   2492   2109   1706   1311   1026    837    709 
   103    104    105    106    107    108    109    110    111    112    113 
   437    346    339    279    186    137    117    183     64     91     63 
   114    115    116    117    118    120    124 
    79     35     27     10     12     20      4 

count of 1 values: mean 16.03815  variance 66.13022 

sum sq counts: mean 1289.487  variance 56363.29 

final counts: 20 13 19 12 

    user   system  elapsed 
1758.923    1.680 1760.754 
     [,1] [,2] [,3] [,4] [,5] [,6] [,7] [,8]
[1,]    4    2    3    1    3    3    3    1
[2,]    3    2    3    2    3    3    3    3
[3,]    3    1    1    2    2    4    2    4
[4,]    1    1    1    1    3    3    3    4
[5,]    4    4    1    1    2    2    2    4
[6,]    1    4    4    1    4    2    2    4
[7,]    1    1    1    1    2    2    3    1
[8,]    1    4    1    3    3    3    3    1

UDST, Checkerboard:
self transition frequency: 0.228993 
average self transition probability: 0.2289686 
minimum self transition probability: 0.2289411 
fraction of time max pr > 1/2: 0.4024668 

equal neighbors: mean 61.92951  variance 66.48556 
eq
    21     24     25     27     29     30     31     32     33     34     35 
     1      2      2      1      3      3     17     31     54    102    261 
    36     37     38     39     40     41     42     43     44     45     46 
   509    928   1816   3119   5405   8977  14384  22831  33876  50604  71521 
    47     48     49     50     51     52     53     54     55     56     57 
 98772 133042 173683 220333 270701 327592 383785 441166 495427 543370 588628 
    58     59     60     61     62     63     64     65     66     67     68 
623904 646422 656497 655618 645233 625201 594500 558054 514369 468005 421399 
    69     70     71     72     73     74     75     76     77     78     79 
373557 330381 288034 249693 212384 179930 151759 126299 104620  86962  71615 
    80     81     82     83     84     85     86     87     88     89     90 
 58491  48479  39603  32915  26890  22463  17735  14552  11756   9595   7961 
    91     92     93     94     95     96     97     98     99    100    101 
  6421   4802   4077   3343   2741   2303   1826   1472   1143   1174    778 
   102    103    104    105    106    107    108    109    110    111    112 
   800    540    632    502    415    165    298    155    122     79    162 
   113    114    115    116    117    118    120    121 
    41     30     39     73     17      8     16      4 

count of 1 values: mean 16.00143  variance 65.93964 

sum sq counts: mean 1287.519  variance 55704.12 

final counts: 7 35 13 9 

    user   system  elapsed 
1759.229    1.828 1761.076 
     [,1] [,2] [,3] [,4] [,5] [,6] [,7] [,8]
[1,]    1    1    1    3    2    1    2    2
[2,]    2    2    2    3    2    2    2    3
[3,]    3    2    2    4    2    2    3    3
[4,]    2    3    3    3    3    2    2    2
[5,]    2    2    2    4    4    3    2    2
[6,]    2    2    3    4    4    3    2    2
[7,]    2    1    1    4    4    2    2    2
[8,]    2    4    1    4    2    2    2    2

UDST, Random order:
self transition frequency: 0.2288887 
average self transition probability: 0.2289241 
minimum self transition probability: 0.2289363 
fraction of time max pr > 1/2: 0.4025088 

equal neighbors: mean 61.92607  variance 66.57125 
eq
    23     25     26     29     30     31     32     33     34     35     36 
     2      1      1      3      2     16     20     71    122    252    509 
    37     38     39     40     41     42     43     44     45     46     47 
   925   1802   3189   5431   9077  14487  22699  34038  50507  72063  99172 
    48     49     50     51     52     53     54     55     56     57     58 
133005 173714 220537 273005 328726 385643 442336 496919 546481 587954 622613 
    59     60     61     62     63     64     65     66     67     68     69 
643131 655439 654013 643199 620040 591378 554665 515309 470983 423524 377812 
    70     71     72     73     74     75     76     77     78     79     80 
329084 285954 247086 212975 180306 152364 126113 104564  87620  72762  59816 
    81     82     83     84     85     86     87     88     89     90     91 
 48842  39745  32936  27089  22031  17692  14822  11726   9601   7556   6655 
    92     93     94     95     96     97     98     99    100    101    102 
  5212   4420   3425   2925   2348   1987   1597   1248    913    727    656 
   103    104    105    106    107    108    109    110    111    112    113 
   446    498    263    286    187    121    104    143     58    110     42 
   114    115    116    118 
    74     10     33     13 

count of 1 values: mean 16.03007  variance 66.11337 

sum sq counts: mean 1288.459  variance 56183.36 

final counts: 10 18 19 17 

    user   system  elapsed 
1763.874    1.584 1765.474 
     [,1] [,2] [,3] [,4] [,5] [,6] [,7] [,8]
[1,]    3    3    2    3    3    2    4    2
[2,]    4    1    3    3    1    4    4    4
[3,]    2    2    3    4    1    4    4    2
[4,]    2    2    1    4    4    4    4    2
[5,]    3    2    1    1    1    4    4    3
[6,]    3    2    3    1    3    3    2    2
[7,]    3    2    3    4    2    2    4    2
[8,]    3    3    3    1    1    2    4    3

UDST, Random order x4:
self transition frequency: 0.228634 
average self transition probability: 0.2286295 
minimum self transition probability: 0.2286727 
fraction of time max pr > 1/2: 0.4022377 

equal neighbors: mean 61.90571  variance 66.0266 
eq
    22     23     25     27     30     31     32     33     34     35     36 
     2      1      2      1      7      8     22     65    110    267    503 
    37     38     39     40     41     42     43     44     45     46     47 
   894   1721   3067   5372   9016  14295  22577  34264  50346  71109  98002 
    48     49     50     51     52     53     54     55     56     57     58 
129305 170370 216695 270092 327394 384723 443389 500760 550471 595333 627470 
    59     60     61     62     63     64     65     66     67     68     69 
650314 662460 660782 647306 624239 592538 555627 512502 466942 420673 373508 
    70     71     72     73     74     75     76     77     78     79     80 
328083 284481 245537 210522 177380 149562 125548 104445  86346  71683  58403 
    81     82     83     84     85     86     87     88     89     90     91 
 48611  39276  32287  26382  21458  17823  14577  12000   9580   7604   6134 
    92     93     94     95     96     97     98     99    100    101    102 
  5328   4021   3405   2798   2187   1943   1474   1292   1106    802    703 
   103    104    105    106    107    108    109    110    111    112    113 
   551    436    312    321    269    212    103    204     66     46     65 
   114    115    116    117    118    119    120 
    33     17     13     13      4      1      9 

count of 1 values: mean 15.91919  variance 65.03375 

sum sq counts: mean 1286.305  variance 54969.29 

final counts: 9 7 17 31 

    user   system  elapsed 
1760.182    1.764 1761.974 
     [,1] [,2] [,3] [,4] [,5] [,6] [,7] [,8]
[1,]    1    3    3    3    4    4    1    1
[2,]    2    4    4    4    4    4    4    3
[3,]    2    3    4    4    4    4    4    3
[4,]    4    4    3    2    2    4    4    4
[5,]    4    4    3    3    3    2    4    4
[6,]    1    4    3    3    3    3    4    4
[7,]    3    4    4    4    1    3    1    1
[8,]    2    4    1    4    1    4    3    2

FSS, Random:
self transition frequency: 0.2355341 
average self transition probability: 0.2355027 
minimum self transition probability: 0.2286494 
fraction of time max pr > 1/2: 0.4021511 

equal neighbors: mean 61.87535  variance 66.3463 
eq
    19     20     21     23     25     27     28     29     30     31     32 
     1      1      1      2      1      1      2      4      3     18     31 
    33     34     35     36     37     38     39     40     41     42     43 
    74    155    235    582    991   1792   3243   5511   9400  14898  23397 
    44     45     46     47     48     49     50     51     52     53     54 
 35122  51540  72885 100687 133863 174347 220227 273818 329447 387291 444348 
    55     56     57     58     59     60     61     62     63     64     65 
498753 550123 593655 623680 647872 657772 659771 643152 622959 591403 553830 
    66     67     68     69     70     71     72     73     74     75     76 
510152 465786 418630 370632 325808 284917 245106 210194 178871 150538 126729 
    77     78     79     80     81     82     83     84     85     86     87 
104782  87241  72288  59631  48433  39723  32185  26702  21656  17601  14269 
    88     89     90     91     92     93     94     95     96     97     98 
 11718   9305   7628   5968   5245   3990   3399   2748   2199   1725   1594 
    99    100    101    102    103    104    105    106    107    108    109 
  1181    871    753    674    543    357    274    264    210    198    105 
   110    111    112    113    114    115    116    117    119    120 
   123     29     38     27     35      3     15     16      2      1 

count of 1 values: mean 15.96313  variance 65.14849 

sum sq counts: mean 1286.007  variance 54910.26 

final counts: 29 14 8 13 

   user  system elapsed 
355.022   1.312 356.344 
     [,1] [,2] [,3] [,4] [,5] [,6] [,7] [,8]
[1,]    1    1    4    1    1    1    1    1
[2,]    1    4    4    4    1    1    1    1
[3,]    1    2    4    1    4    4    3    1
[4,]    1    4    4    3    2    4    3    2
[5,]    3    2    2    2    2    4    1    2
[6,]    1    1    2    2    2    4    2    1
[7,]    3    1    1    3    2    1    2    3
[8,]    1    1    3    1    1    1    1    4

FSS, Sequential:
self transition frequency: 0.2362069 
average self transition probability: 0.2360675 
minimum self transition probability: 0.2291644 
fraction of time max pr > 1/2: 0.4029163 

equal neighbors: mean 61.97303  variance 66.3353 
eq
    20     21     22     23     24     25     26     27     28     29     30 
     1      3      3      3      1      5      8     14     20     15     10 
    31     32     33     34     35     36     37     38     39     40     41 
    14     12     71    104    235    399    815   1576   2911   5227   8973 
    42     43     44     45     46     47     48     49     50     51     52 
 14504  22712  33773  49623  70405  97076 130440 169361 215016 268075 324312 
    53     54     55     56     57     58     59     60     61     62     63 
381366 439081 493489 544909 587699 621018 645492 657748 659469 647748 626896 
    64     65     66     67     68     69     70     71     72     73     74 
596231 561304 516307 469641 423887 377728 331312 288766 249294 211829 180574 
    75     76     77     78     79     80     81     82     83     84     85 
151667 127232 106169  87714  72981  59980  48750  39792  32630  26924  21452 
    86     87     88     89     90     91     92     93     94     95     96 
 17480  13879  12288   9525   8389   6475   5205   4662   3702   2972   2365 
    97     98     99    100    101    102    103    104    105    106    107 
  2076   1570   1384   1029    773    772    569    462    412    276    146 
   108    109    110    111    112    113    114    115    116    117    118 
   154    170    145    121     73     35     41      2     34      4      5 
   120    122    124 
     6      1      2 

count of 1 values: mean 16.04132  variance 66.55013 

sum sq counts: mean 1288.337  variance 55977.61 

final counts: 29 14 8 13 

   user  system elapsed 
353.250   1.295 354.556 
     [,1] [,2] [,3] [,4] [,5] [,6] [,7] [,8]
[1,]    1    1    1    1    4    3    3    1
[2,]    1    3    1    1    2    1    1    1
[3,]    3    2    1    1    4    2    1    4
[4,]    1    2    1    4    4    2    1    1
[5,]    2    2    4    2    2    4    4    1
[6,]    2    3    4    2    2    3    4    3
[7,]    3    1    1    1    1    2    2    4
[8,]    1    1    1    1    1    4    4    1

FSS, Shuffled Sequential:
self transition frequency: 0.2356772 
average self transition probability: 0.2357058 
minimum self transition probability: 0.2288448 
fraction of time max pr > 1/2: 0.4024138 

equal neighbors: mean 61.92265  variance 66.2434 
eq
    23     24     28     29     30     31     32     33     34     35     36 
     1      1      1      2      8     23     38     64    123    243    475 
    37     38     39     40     41     42     43     44     45     46     47 
   960   1782   3049   5357   8984  14454  22513  34678  49955  70818  97586 
    48     49     50     51     52     53     54     55     56     57     58 
129965 171447 218922 270035 328078 384675 444753 500183 547686 591460 621715 
    59     60     61     62     63     64     65     66     67     68     69 
645793 656652 656336 646228 624322 593188 556812 514255 469613 421394 377003 
    70     71     72     73     74     75     76     77     78     79     80 
330138 288312 249303 212520 180763 150858 124735 104736  85351  70485  59037 
    81     82     83     84     85     86     87     88     89     90     91 
 48047  39442  32019  26263  20933  17101  13691  11649   9564   7581   6193 
    92     93     94     95     96     97     98     99    100    101    102 
  5292   4304   3615   2988   2489   2161   1590   1495   1125    925    709 
   103    104    105    106    107    108    109    110    111    112    113 
   477    538    382    285    280    263    136    155    102    116     58 
   114    115    116    117    118    119    120    121 
    59      8     38     15      4     12     26      2 

count of 1 values: mean 15.97913  variance 65.80801 

sum sq counts: mean 1287.604  variance 55605.39 

final counts: 13 15 8 28 

   user  system elapsed 
356.478   1.224 357.711 
     [,1] [,2] [,3] [,4] [,5] [,6] [,7] [,8]
[1,]    2    2    1    1    1    1    4    2
[2,]    2    1    1    2    3    1    2    2
[3,]    3    3    3    3    2    2    2    3
[4,]    2    4    4    4    2    2    2    1
[5,]    4    4    4    4    1    1    3    2
[6,]    4    4    4    4    4    4    4    4
[7,]    4    4    1    1    4    4    4    4
[8,]    4    3    4    1    4    4    4    4

FSS, Checkerboard:
self transition frequency: 0.2352413 
average self transition probability: 0.235353 
minimum self transition probability: 0.2285451 
fraction of time max pr > 1/2: 0.401963 

equal neighbors: mean 61.89236  variance 66.58453 
eq
    21     23     24     26     27     28     29     30     31     32     33 
     1      1      3      2      1      2      3      5     11     36     55 
    34     35     36     37     38     39     40     41     42     43     44 
   143    237    494    893   1610   3019   5104   8992  14500  22627  34220 
    45     46     47     48     49     50     51     52     53     54     55 
 50885  71851  98742 132786 173435 219809 273585 328945 389210 445760 500403 
    56     57     58     59     60     61     62     63     64     65     66 
549665 593436 625876 647434 656832 659391 646011 622572 591671 554881 511222 
    67     68     69     70     71     72     73     74     75     76     77 
468307 417921 372295 327050 284605 246232 210627 177329 149449 125790 103025 
    78     79     80     81     82     83     84     85     86     87     88 
 86096  70565  57642  47671  39320  32018  26245  21313  17669  14629  11901 
    89     90     91     92     93     94     95     96     97     98     99 
  9937   7924   6655   5122   4636   3741   3141   2588   2164   1868   1638 
   100    101    102    103    104    105    106    107    108    109    110 
  1267   1061    894    657    538    524    377    200    267    192    156 
   111    112    113    114    115    116    117    118    119    120    121 
   107     74     44     64     26     19     16      8      5     16      5 
   122    124 
     4      5 

count of 1 values: mean 16.00108  variance 65.89121 

sum sq counts: mean 1286.876  variance 55944.84 

final counts: 10 18 11 25 

   user  system elapsed 
354.187   1.264 355.459 
     [,1] [,2] [,3] [,4] [,5] [,6] [,7] [,8]
[1,]    2    2    4    1    1    1    3    4
[2,]    4    4    4    1    3    3    4    1
[3,]    3    4    4    4    4    4    4    3
[4,]    3    2    2    4    4    4    2    2
[5,]    1    2    2    4    4    4    4    3
[6,]    2    2    2    3    4    4    2    1
[7,]    2    2    2    2    4    1    2    4
[8,]    3    2    1    3    4    4    3    1

FSS, Random order:
self transition frequency: 0.2357927 
average self transition probability: 0.2358244 
minimum self transition probability: 0.228995 
fraction of time max pr > 1/2: 0.402698 

equal neighbors: mean 61.93267  variance 66.4539 
eq
    21     22     23     24     25     27     28     29     30     31     32 
     1      1      1      1      1      2      1      3      7     16     27 
    33     34     35     36     37     38     39     40     41     42     43 
    57    111    213    431    961   1632   2972   5189   8833  14036  22405 
    44     45     46     47     48     49     50     51     52     53     54 
 34107  49938  70751  98088 132055 172973 219805 273095 328343 386429 442619 
    55     56     57     58     59     60     61     62     63     64     65 
496708 547089 588113 621735 643527 656239 655534 645166 622457 591634 556690 
    66     67     68     69     70     71     72     73     74     75     76 
514343 469106 425301 376220 331437 287962 248406 212277 180090 150113 125742 
    77     78     79     80     81     82     83     84     85     86     87 
104369  86520  72243  59196  49104  39777  32596  26884  21682  17669  14655 
    88     89     90     91     92     93     94     95     96     97     98 
 11414   9637   7825   6132   5292   4312   3937   2909   2440   2004   1626 
    99    100    101    102    103    104    105    106    107    108    109 
  1442   1029    949    683    497    468    352    269    232    220    160 
   110    111    112    113    114    115    116    117    118    119    122 
   117     76    117     30     73     20     16      5     13      5     11 

count of 1 values: mean 15.92921  variance 65.04733 

sum sq counts: mean 1288.021  variance 55878.8 

final counts: 18 36 6 4 

   user  system elapsed 
356.623   1.288 357.919 
     [,1] [,2] [,3] [,4] [,5] [,6] [,7] [,8]
[1,]    2    2    2    2    2    2    3    3
[2,]    2    2    1    1    2    2    2    2
[3,]    2    2    2    2    2    1    3    2
[4,]    2    2    1    2    2    2    3    3
[5,]    1    1    1    3    2    2    2    2
[6,]    1    1    2    2    2    1    1    2
[7,]    2    2    2    4    1    1    1    1
[8,]    4    2    4    4    1    1    1    2

FSS, Random order x4:
self transition frequency: 0.2358159 
average self transition probability: 0.2356825 
minimum self transition probability: 0.2288069 
fraction of time max pr > 1/2: 0.4023373 

equal neighbors: mean 61.93009  variance 66.15507 
eq
    22     23     24     26     28     29     30     31     32     33     34 
     1      1      2      1      1      2      2      8     24     33     86 
    35     36     37     38     39     40     41     42     43     44     45 
   217    437    944   1621   3107   5355   8999  14259  22257  34014  49482 
    46     47     48     49     50     51     52     53     54     55     56 
 70873  97526 130913 171240 217565 269598 326967 385725 443435 495625 547115 
    57     58     59     60     61     62     63     64     65     66     67 
589043 624234 647613 657977 660404 647242 625072 593303 557824 515864 467719 
    68     69     70     71     72     73     74     75     76     77     78 
423417 374471 330478 287985 248547 210802 178476 150631 126789 105265  85968 
    79     80     81     82     83     84     85     86     87     88     89 
 71970  58660  47784  39267  31800  26256  21347  17491  14289  11688   9714 
    90     91     92     93     94     95     96     97     98     99    100 
  7955   6475   5493   4407   3580   2780   2448   1988   1556   1209   1063 
   101    102    103    104    105    106    107    108    109    110    111 
   780    657    514    442    342    302    215    307    169    148     98 
   112    113    114    115    116    117    118 
    55     71     52     18     24     13     14 

count of 1 values: mean 15.98574  variance 65.54207 

sum sq counts: mean 1286.882  variance 55193.08 

final counts: 11 18 13 22 

   user  system elapsed 
354.756   1.296 356.062 
     [,1] [,2] [,3] [,4] [,5] [,6] [,7] [,8]
[1,]    4    4    1    3    1    2    2    3
[2,]    3    4    2    3    4    4    4    4
[3,]    2    2    4    3    3    2    4    4
[4,]    4    4    2    3    2    2    4    4
[5,]    3    1    2    3    3    4    4    3
[6,]    2    1    1    2    2    4    4    3
[7,]    2    2    1    1    4    3    4    2
[8,]    4    4    1    1    1    1    2    2

ZFSS, Random:
self transition frequency: 0.228258 
average self transition probability: 0.2282172 
minimum self transition probability: 0.2282146 
fraction of time max pr > 1/2: 0.4015308 

equal neighbors: mean 61.84689  variance 66.23144 
eq
    23     26     27     28     29     30     31     32     33     34     35 
     1      2      1      1      1      1      4     17     39     83    184 
    36     37     38     39     40     41     42     43     44     45     46 
   403    855   1624   3001   5258   8967  14281  22379  34663  51580  73111 
    47     48     49     50     51     52     53     54     55     56     57 
100434 134355 175848 223196 275556 331842 391344 447754 500975 550563 592253 
    58     59     60     61     62     63     64     65     66     67     68 
626574 647424 659476 657909 645678 621628 592226 553943 512080 466216 418614 
    69     70     71     72     73     74     75     76     77     78     79 
371702 326930 282724 245405 208049 175857 148101 123590 102834  84489  69383 
    80     81     82     83     84     85     86     87     88     89     90 
 57825  47020  38633  31975  26048  21240  17612  13781  11079   9200   7647 
    91     92     93     94     95     96     97     98     99    100    101 
  6593   5561   4354   3718   3125   2669   2002   1709   1367   1053    809 
   102    103    104    105    106    107    108    109    110    111    112 
   643    542    468    284    459    190    229    155    187    109     95 
   113    114    115    116    117    118    120 
    42     52     21     59     19      7     11 

count of 1 values: mean 16.04551  variance 65.46984 

sum sq counts: mean 1285.54  variance 55464.95 

final counts: 4 17 13 30 

   user  system elapsed 
373.363   1.324 374.699 
     [,1] [,2] [,3] [,4] [,5] [,6] [,7] [,8]
[1,]    2    4    4    4    4    3    3    2
[2,]    2    4    4    4    1    4    2    2
[3,]    1    4    4    4    4    2    3    4
[4,]    2    2    3    4    3    2    1    4
[5,]    3    4    2    4    3    2    2    2
[6,]    3    3    2    2    2    4    3    3
[7,]    3    4    2    4    4    4    3    4
[8,]    4    4    4    4    4    1    4    4

ZFSS, Sequential:
self transition frequency: 0.2290502 
average self transition probability: 0.2290307 
minimum self transition probability: 0.2289745 
fraction of time max pr > 1/2: 0.4026152 

equal neighbors: mean 61.94151  variance 67.00372 
eq
    20     21     22     23     24     25     26     27     28     29     30 
     2      1      1      3      6      5      6      2      4      2      8 
    31     32     33     34     35     36     37     38     39     40     41 
     5     31     49     97    232    414    891   1719   3056   5397   9118 
    42     43     44     45     46     47     48     49     50     51     52 
 14781  23444  34486  51248  71952  98900 132576 172411 220328 271235 326635 
    53     54     55     56     57     58     59     60     61     62     63 
383073 442017 496226 546528 590230 624999 647145 657812 656503 646300 622059 
    64     65     66     67     68     69     70     71     72     73     74 
591386 552173 508418 464013 418003 372670 329147 287940 248364 212172 180921 
    75     76     77     78     79     80     81     82     83     84     85 
152523 127575 106538  88905  73864  60145  49353  40920  33113  27217  22628 
    86     87     88     89     90     91     92     93     94     95     96 
 18371  14687  12680   9777   8156   6902   5634   4449   3750   3043   2407 
    97     98     99    100    101    102    103    104    105    106    107 
  1914   1687   1389   1282    698    631    543    437    398    247    271 
   108    109    110    111    112    113    114    115    116    117    118 
   120    127    197     55     48     31     66     16     38      5      8 
   120 
    11 

count of 1 values: mean 15.98572  variance 66.13966 

sum sq counts: mean 1289.019  variance 56549.32 

final counts: 27 24 2 11 

   user  system elapsed 
372.174   1.224 373.409 
     [,1] [,2] [,3] [,4] [,5] [,6] [,7] [,8]
[1,]    1    1    1    4    4    1    1    1
[2,]    1    1    1    4    4    4    4    1
[3,]    1    1    1    1    1    1    2    2
[4,]    2    2    2    1    1    2    3    2
[5,]    2    2    2    2    1    2    2    1
[6,]    2    2    2    2    4    2    2    1
[7,]    1    2    2    2    4    1    4    4
[8,]    1    4    2    2    3    1    1    1

ZFSS, Shuffled Sequential:
self transition frequency: 0.2296555 
average self transition probability: 0.2295563 
minimum self transition probability: 0.2295801 
fraction of time max pr > 1/2: 0.4035252 

equal neighbors: mean 61.99688  variance 66.82518 
eq
    23     24     28     29     30     31     32     33     34     35     36 
     1      1      1      2      5      9     22     35     63    195    433 
    37     38     39     40     41     42     43     44     45     46     47 
   820   1563   2940   4899   8296  13939  21921  33251  49323  70076  97677 
    48     49     50     51     52     53     54     55     56     57     58 
129707 169764 215218 266995 322776 382451 440222 495422 546152 589796 620842 
    59     60     61     62     63     64     65     66     67     68     69 
646151 659156 655177 645487 624407 592804 556508 515414 469772 423237 378127 
    70     71     72     73     74     75     76     77     78     79     80 
333316 289291 249246 213712 181791 152029 128748 106818  88610  72871  60164 
    81     82     83     84     85     86     87     88     89     90     91 
 49026  39921  32319  26404  21861  17975  14492  12467  10001   8421   6887 
    92     93     94     95     96     97     98     99    100    101    102 
  5596   4798   3751   3408   2730   2131   1939   1462   1244   1058    960 
   103    104    105    106    107    108    109    110    111    112    113 
   698    629    425    346    302    398    152    118    135    138     17 
   114    115    116    118    120 
    33     33     38      1     33 

count of 1 values: mean 15.98536  variance 66.87868 

sum sq counts: mean 1289.562  variance 57128.74 

final counts: 7 23 11 23 

   user  system elapsed 
372.918   1.212 374.141 
     [,1] [,2] [,3] [,4] [,5] [,6] [,7] [,8]
[1,]    2    3    4    4    4    4    2    2
[2,]    2    2    2    2    1    2    2    2
[3,]    4    4    2    2    2    2    2    4
[4,]    4    1    2    4    2    2    4    1
[5,]    4    2    4    4    3    3    3    3
[6,]    2    3    1    2    2    1    4    2
[7,]    4    3    3    4    4    4    4    1
[8,]    3    3    4    4    4    4    3    1

ZFSS, Checkerboard:
self transition frequency: 0.2286364 
average self transition probability: 0.228695 
minimum self transition probability: 0.2286547 
fraction of time max pr > 1/2: 0.4021279 

equal neighbors: mean 61.90738  variance 66.35677 
eq
    21     23     24     25     26     28     29     30     31     32     33 
     1      1      2      1      1      2      1      3      9     23     55 
    34     35     36     37     38     39     40     41     42     43     44 
   106    249    472    964   1693   2936   5232   8672  14287  22221  33897 
    45     46     47     48     49     50     51     52     53     54     55 
 49736  71174  98588 133447 174345 221013 271956 328266 385807 442431 498981 
    56     57     58     59     60     61     62     63     64     65     66 
550204 592266 627301 648569 658886 655451 643602 620514 593534 552555 511889 
    67     68     69     70     71     72     73     74     75     76     77 
465994 420423 373314 330021 287797 246617 211561 179965 150924 126045 106100 
    78     79     80     81     82     83     84     85     86     87     88 
 87134  71614  59339  48597  39421  31127  25949  21206  17218  13928  11486 
    89     90     91     92     93     94     95     96     97     98     99 
  9442   8106   6506   5099   4205   3749   2861   2424   1841   1514   1309 
   100    101    102    103    104    105    106    107    108    109    110 
  1105    802    762    522    575    365    390    292    270    131    150 
   111    112    113    114    115    116    117    118    119    120    121 
   108    131     29     48     31     43     11     12      6     26      1 
   122 
    11 

count of 1 values: mean 15.99199  variance 66.15781 

sum sq counts: mean 1287.304  variance 55632.56 

final counts: 13 7 22 22 

   user  system elapsed 
373.970   1.228 375.207 
     [,1] [,2] [,3] [,4] [,5] [,6] [,7] [,8]
[1,]    1    4    4    1    2    4    1    1
[2,]    3    3    2    4    4    4    3    3
[3,]    3    3    4    4    2    4    2    3
[4,]    3    3    4    4    4    4    3    3
[5,]    3    3    4    4    4    4    3    3
[6,]    3    2    1    1    1    1    4    3
[7,]    3    4    2    1    3    1    1    3
[8,]    3    4    4    4    2    3    1    1

ZFSS, Random order:
self transition frequency: 0.2290487 
average self transition probability: 0.2289961 
minimum self transition probability: 0.2289548 
fraction of time max pr > 1/2: 0.4026163 

equal neighbors: mean 61.94108  variance 66.5992 
eq
    19     20     21     22     23     24     26     27     28     29     30 
     2      2      1      1      1      2      1      2      1      1      6 
    31     32     33     34     35     36     37     38     39     40     41 
     6     17     41     79    198    448    810   1541   2948   5326   8925 
    42     43     44     45     46     47     48     49     50     51     52 
 14323  22609  34123  50029  70456  97754 131302 172087 218415 269881 325992 
    53     54     55     56     57     58     59     60     61     62     63 
384598 440685 496422 548683 589771 625107 646378 657659 658232 648876 624199 
    64     65     66     67     68     69     70     71     72     73     74 
593474 557067 514392 467296 422152 374804 330752 287904 247799 211383 179412 
    75     76     77     78     79     80     81     82     83     84     85 
149961 124490 104151  87084  70691  58570  48486  39891  32296  26638  21843 
    86     87     88     89     90     91     92     93     94     95     96 
 18210  14705  12404  10018   8399   6646   5394   4571   3831   3123   2774 
    97     98     99    100    101    102    103    104    105    106    107 
  2102   1720   1404   1242    940    814    677    510    419    436    269 
   108    109    110    111    112    113    114    115    116    117    118 
   216    188    105     66     97     40     67     15     42      4     15 
   120    124 
    39     22 

count of 1 values: mean 16.01184  variance 65.7863 

sum sq counts: mean 1288.187  variance 56626.7 

final counts: 22 9 19 14 

   user  system elapsed 
373.264   1.232 374.508 
     [,1] [,2] [,3] [,4] [,5] [,6] [,7] [,8]
[1,]    3    4    3    3    3    4    4    3
[2,]    1    1    1    3    3    4    1    1
[3,]    1    1    1    3    2    2    1    1
[4,]    4    3    4    4    1    1    1    2
[5,]    2    3    3    4    4    4    2    2
[6,]    4    3    2    4    1    1    1    2
[7,]    3    1    2    4    4    1    1    1
[8,]    3    3    3    3    3    1    1    3

ZFSS, Random order x4:
self transition frequency: 0.2285077 
average self transition probability: 0.2285362 
minimum self transition probability: 0.2285877 
fraction of time max pr > 1/2: 0.4020326 

equal neighbors: mean 61.89733  variance 66.39582 
eq
    22     24     26     27     29     30     31     32     33     34     35 
     1      2      1      1      1      6      7     29     45    122    259 
    36     37     38     39     40     41     42     43     44     45     46 
   496   1004   1857   3212   5617   9202  14777  22805  34681  50803  71438 
    47     48     49     50     51     52     53     54     55     56     57 
 99554 132767 173351 220710 271838 328676 386714 444433 500987 548155 591964 
    58     59     60     61     62     63     64     65     66     67     68 
622200 647334 655508 655020 643872 620352 592694 555242 514619 469586 422646 
    69     70     71     72     73     74     75     76     77     78     79 
375749 329250 286043 247183 209949 178037 150688 125347 105099  87050  71670 
    80     81     82     83     84     85     86     87     88     89     90 
 58609  47879  38962  32060  25827  21068  17222  14197  11516   9120   7602 
    91     92     93     94     95     96     97     98     99    100    101 
  6416   5329   4226   3461   2783   2321   1827   1420   1180   1127    985 
   102    103    104    105    106    107    108    109    110    111    112 
   707    634    574    476    392    245    263    213    196    124     98 
   113    114    115    116    117    118    120    121    124 
    91     82      6     52     18      8     21      8      2 

count of 1 values: mean 15.99601  variance 65.88299 

sum sq counts: mean 1286.562  variance 55125.89 

final counts: 13 14 15 22 

   user  system elapsed 
367.759   1.304 369.085 
     [,1] [,2] [,3] [,4] [,5] [,6] [,7] [,8]
[1,]    4    4    4    4    1    4    3    4
[2,]    4    4    4    3    1    1    2    2
[3,]    3    4    4    3    2    1    1    2
[4,]    3    4    1    3    3    3    1    2
[5,]    3    2    2    2    2    4    1    2
[6,]    2    2    1    3    3    4    3    3
[7,]    1    2    4    4    4    4    4    3
[8,]    1    1    4    4    1    4    3    2
> 
