
R version 4.1.2 (2021-11-01) -- "Bird Hippie"
Copyright (C) 2021 The R Foundation for Statistical Computing
Platform: x86_64-pc-linux-gnu (64-bit)

R is free software and comes with ABSOLUTELY NO WARRANTY.
You are welcome to redistribute it under certain conditions.
Type 'license()' or 'licence()' for distribution details.

R is a collaborative project with many contributors.
Type 'contributors()' for more information and
'citation()' on how to cite R or R packages in publications.

Type 'demo()' for some demos, 'help()' for on-line help, or
'help.start()' for an HTML browser interface to help.
Type 'q()' to quit R.

> # DO THE 8x8 POTTS EXPERIMENTAL RUNS - SET A.
> 
> source("methods.r")
> source("scans.r")
> source("potts-8x8.r")
> source("plot.r")
> 
> rtype <- "a"
> 
> meth <- list (ST=trans_ST, 
+               DST=trans_DST,
+               UST=trans_UST,
+               UDST=trans_UDST,
+               HST=trans_HST,
+               OHST=trans_OHST
+         )
> 
> scan <- list (Random=scan_random,
+               Sequential=scan_sequential,
+               `Shuffled Sequential`=scan_shuffled_sequential,
+               Checkerboard=scan_checkerboard,
+               `Random order`=scan_random_order,
+               `Random order x4`=scan_random_order_x4
+         )
> 
> source("potts-runs-8x8-tail.r")
Shuffle order: 57 4 39 1 34 23 43 14 18 51 33 21 53 42 46 10 7 9 15 52 37 41 25 44 58 60 55 50 54 20 6 49 36 62 40 35 28 29 26 12 59 31 8 38 24 48 32 27 22 64 2 13 30 17 11 61 3 16 56 63 45 19 47 5 

ST, Random:
self transition frequency: 0.2327266 
average self transition probability: 0.2336382 
minimum self transition probability: 0.2338006 
fraction of time max pr > 1/2: 0.4099766 

equal neighbors: mean 62.32276  variance 66.68004 
eq
  36   37   38   39   40   41   42   43   44   45   46   47   48   49   50   51 
   1    4   11   18   41   88  138  220  301  455  672  844 1143 1552 2033 2432 
  52   53   54   55   56   57   58   59   60   61   62   63   64   65   66   67 
3008 3625 4189 4639 5121 5707 6375 6420 6644 6649 6522 6246 6129 5693 5389 4896 
  68   69   70   71   72   73   74   75   76   77   78   79   80   81   82   83 
4477 3921 3425 2836 2596 2181 1914 1706 1431 1074  900  829  604  503  388  325 
  84   85   86   87   88   89   90   91   92   93   94   95   96   97   98   99 
 249  208  206  166  128  139  103   97   89   67   67   25   94   17   10   15 
 100 
   5 

count of 1 values: mean 16.60917  variance 78.10596 

sum sq counts: mean 1306.503  variance 56212.74 

final counts: 33 9 13 9 

   user  system elapsed 
  3.459   0.001   3.459 
     [,1] [,2] [,3] [,4] [,5] [,6] [,7] [,8]
[1,]    4    2    3    1    4    1    2    2
[2,]    4    2    4    1    1    3    3    3
[3,]    3    2    2    1    3    4    4    3
[4,]    1    1    1    2    1    4    4    3
[5,]    1    1    1    1    1    1    3    3
[6,]    2    1    1    1    3    2    3    1
[7,]    1    1    4    1    1    1    1    1
[8,]    1    1    3    1    1    1    1    1

ST, Sequential:
self transition frequency: 0.2298281 
average self transition probability: 0.2290654 
minimum self transition probability: 0.2289633 
fraction of time max pr > 1/2: 0.4026016 

equal neighbors: mean 62.30736  variance 68.70871 
eq
  36   37   38   39   40   41   42   43   44   45   46   47   48   49   50   51 
   3    6   17   29   58  112  150  273  435  533  741  924 1276 1643 2114 2628 
  52   53   54   55   56   57   58   59   60   61   62   63   64   65   66   67 
3110 3537 4017 4654 5050 5452 5830 6181 6268 6480 6524 6311 6108 5738 5271 5085 
  68   69   70   71   72   73   74   75   76   77   78   79   80   81   82   83 
4288 4019 3569 3044 2641 2368 2002 1663 1481 1322  988  744  641  491  414  296 
  84   85   86   87   88   89   90   91   92   93   94   95   96   97   98   99 
 210  208  172  163   84  132   80   66   57   26   51   31   56   14    4    2 
 100  101  102  103  104  105  106  107  109  110  111  113 
  34    1   12   10   15    3    9   14    9    6    1    1 

count of 1 values: mean 15.57829  variance 65.15205 

sum sq counts: mean 1296.2  variance 57794.88 

final counts: 14 19 21 10 

   user  system elapsed 
  3.491   0.004   3.495 
     [,1] [,2] [,3] [,4] [,5] [,6] [,7] [,8]
[1,]    3    2    2    3    2    1    1    3
[2,]    3    2    2    3    3    1    1    2
[3,]    2    2    3    3    4    3    2    2
[4,]    2    2    1    1    4    1    3    3
[5,]    2    3    1    4    3    2    1    2
[6,]    2    1    1    4    3    4    4    4
[7,]    4    1    1    4    3    3    2    2
[8,]    3    1    4    3    3    3    2    3

ST, Shuffled Sequential:
self transition frequency: 0.2295469 
average self transition probability: 0.2288733 
minimum self transition probability: 0.2290701 
fraction of time max pr > 1/2: 0.4031562 

equal neighbors: mean 61.95316  variance 65.73316 
eq
  37   38   39   40   41   42   43   44   45   46   47   48   49   50   51   52 
   7   16   29   53   77  154  203  356  453  682  912 1220 1632 1997 2589 3230 
  53   54   55   56   57   58   59   60   61   62   63   64   65   66   67   68 
3729 4374 5100 5678 6083 6630 6602 6474 6832 6484 6327 5990 5625 5218 4590 4134 
  69   70   71   72   73   74   75   76   77   78   79   80   81   82   83   84 
3659 3224 2837 2450 2047 1755 1390 1185  964  808  765  575  501  396  358  287 
  85   86   87   88   89   90   91   92   93   94   95   96   97   98   99  100 
 277  203  175  125  115   49   74   38   22   41   43   19   15   23   12   16 
 101  102  103  104  105  106  107  109 
  29    6   10   16    4    3    2    2 

count of 1 values: mean 15.95641  variance 65.93276 

sum sq counts: mean 1290.479  variance 60675.6 

final counts: 11 12 36 5 

   user  system elapsed 
  3.381   0.000   3.381 
     [,1] [,2] [,3] [,4] [,5] [,6] [,7] [,8]
[1,]    2    3    4    4    3    3    1    3
[2,]    3    1    4    3    3    3    1    1
[3,]    3    1    2    2    3    3    1    1
[4,]    2    2    2    2    2    3    3    1
[5,]    1    3    3    3    3    3    3    1
[6,]    2    3    3    1    3    3    3    3
[7,]    4    3    3    3    3    3    3    3
[8,]    2    2    2    4    3    3    3    3

ST, Checkerboard:
self transition frequency: 0.2231875 
average self transition probability: 0.2235737 
minimum self transition probability: 0.2241868 
fraction of time max pr > 1/2: 0.3953906 

equal neighbors: mean 61.48945  variance 64.05195 
eq
  35   36   37   38   39   40   41   42   43   44   45   46   47   48   49   50 
   3    2    6    9   24   62  102  189  280  399  569  801 1077 1349 1732 2255 
  51   52   53   54   55   56   57   58   59   60   61   62   63   64   65   66 
2819 3587 4261 4727 5535 5752 6037 6256 6542 6510 6369 6449 6360 5958 5581 4941 
  67   68   69   70   71   72   73   74   75   76   77   78   79   80   81   82 
4476 3908 3667 3066 2604 2371 1926 1521 1435 1111  978  887  718  596  415  386 
  83   84   85   86   87   88   89   90   91   92   93   94   95   96   97   98 
 287  241  213  174  114   82   69   72   19   34   16   17    6    3    2    9 
 101  102  103  104  106  108  110  112 
   1    1    3    3    4   13    2    7 

count of 1 values: mean 16.08723  variance 62.21759 

sum sq counts: mean 1275.728  variance 51221.56 

final counts: 31 18 4 11 

   user  system elapsed 
  3.396   0.004   3.401 
     [,1] [,2] [,3] [,4] [,5] [,6] [,7] [,8]
[1,]    1    1    1    1    3    3    3    1
[2,]    1    1    1    1    1    2    2    1
[3,]    1    1    1    1    1    2    2    3
[4,]    2    2    2    2    4    2    2    2
[5,]    2    1    1    1    1    4    1    2
[6,]    2    2    2    1    1    4    4    2
[7,]    4    1    1    1    1    4    4    4
[8,]    1    1    1    1    2    4    4    4

ST, Random order:
self transition frequency: 0.2277578 
average self transition probability: 0.2279727 
minimum self transition probability: 0.2281641 
fraction of time max pr > 1/2: 0.4013984 

equal neighbors: mean 61.8225  variance 68.68842 
eq
  37   38   39   40   41   42   43   44   45   46   47   48   49   50   51   52 
   5   19   31   49   69  128  216  368  557  786 1085 1353 1754 2373 2932 3408 
  53   54   55   56   57   58   59   60   61   62   63   64   65   66   67   68 
3890 4550 5117 5663 5965 6260 6484 6449 6363 6236 6127 5926 5379 5132 4673 4136 
  69   70   71   72   73   74   75   76   77   78   79   80   81   82   83   84 
3783 3138 2650 2323 1953 1723 1469 1260 1064  919  651  615  473  402  360  246 
  85   86   87   88   89   90   91   92   93   94   95   96   97   98   99  100 
 273  204  164   85  132   90  106   87   86   59   82   36   33   19    4    7 
 101  102  103  104  105  106  107 
   6    1    3    6    1    2    2 

count of 1 values: mean 16.1756  variance 64.37778 

sum sq counts: mean 1283.033  variance 56307.94 

final counts: 4 22 20 18 

   user  system elapsed 
  3.404   0.000   3.403 
     [,1] [,2] [,3] [,4] [,5] [,6] [,7] [,8]
[1,]    2    4    4    3    3    4    2    2
[2,]    2    3    3    3    3    4    4    2
[3,]    2    3    1    3    4    4    2    2
[4,]    2    3    3    2    4    3    2    2
[5,]    3    3    3    2    4    4    4    4
[6,]    2    3    2    2    4    1    1    4
[7,]    4    4    2    1    3    3    2    2
[8,]    2    4    4    3    3    3    2    2

ST, Random order x4:
self transition frequency: 0.2323516 
average self transition probability: 0.2316544 
minimum self transition probability: 0.2309096 
fraction of time max pr > 1/2: 0.4046094 

equal neighbors: mean 62.32466  variance 69.83418 
eq
  34   35   36   37   38   39   40   41   42   43   44   45   46   47   48   49 
   1    8   10   15   19   35   64  102  133  203  322  474  709  961 1261 1558 
  50   51   52   53   54   55   56   57   58   59   60   61   62   63   64   65 
2036 2477 3011 3649 4334 4736 5340 5844 6113 6298 6437 6521 6382 6245 5831 5527 
  66   67   68   69   70   71   72   73   74   75   76   77   78   79   80   81 
5192 4793 4326 3951 3359 3055 2677 2285 1993 1553 1303 1053  996  721  661  559 
  82   83   84   85   86   87   88   89   90   91   92   93   94   95   96   97 
 509  413  375  290  278  221  156  135  104   74   41   30   32   30   32    7 
  98   99  100  101  102  103  104  105  106  107  110  111  112 
  36   14   15   25   12    2    7    5   12    1    2    6    3 

count of 1 values: mean 15.5622  variance 61.16992 

sum sq counts: mean 1288.556  variance 58666.96 

final counts: 20 9 10 25 

   user  system elapsed 
  3.380   0.000   3.381 
     [,1] [,2] [,3] [,4] [,5] [,6] [,7] [,8]
[1,]    1    1    1    1    4    4    4    4
[2,]    3    3    1    1    2    2    4    4
[3,]    3    3    3    2    4    2    3    1
[4,]    1    1    4    4    1    2    1    1
[5,]    4    4    4    4    1    1    1    4
[6,]    4    4    4    4    1    1    4    4
[7,]    3    4    4    4    2    1    3    3
[8,]    2    1    1    2    2    4    4    3

DST, Random:
self transition frequency: 0.2255312 
average self transition probability: 0.2261178 
minimum self transition probability: 0.2269156 
fraction of time max pr > 1/2: 0.3995625 

equal neighbors: mean 61.63916  variance 62.46081 
eq
  35   36   37   38   39   40   41   42   43   44   45   46   47   48   49   50 
   1    6   11   27   36   57   92  147  203  348  540  731 1019 1365 1725 2169 
  51   52   53   54   55   56   57   58   59   60   61   62   63   64   65   66 
2604 3199 3966 4571 5297 5896 6171 6415 6724 6660 6621 6534 6283 5797 5418 4947 
  67   68   69   70   71   72   73   74   75   76   77   78   79   80   81   82 
4361 4118 3610 3273 2860 2617 2249 1772 1449 1321 1013  861  619  504  344  266 
  83   84   85   86   87   88   89   90   91   92   93   94   95   96   97   98 
 208  184  139  107   85   78   67   61   22   41   30   26   27   54   22   23 
  99  100 
   4    5 

count of 1 values: mean 16.25048  variance 61.57289 

sum sq counts: mean 1276.571  variance 49704.25 

final counts: 10 27 8 19 

   user  system elapsed 
  4.672   0.000   4.673 
     [,1] [,2] [,3] [,4] [,5] [,6] [,7] [,8]
[1,]    3    3    3    2    4    4    4    4
[2,]    1    1    1    2    1    4    4    4
[3,]    1    1    1    3    2    4    4    2
[4,]    2    1    1    4    2    2    2    2
[5,]    2    1    2    2    2    2    4    2
[6,]    4    3    2    2    2    2    2    2
[7,]    4    3    3    2    4    2    2    2
[8,]    4    4    4    4    4    2    2    3

DST, Sequential:
self transition frequency: 0.2342891 
average self transition probability: 0.2331886 
minimum self transition probability: 0.2326001 
fraction of time max pr > 1/2: 0.4072891 

equal neighbors: mean 62.3198  variance 73.09263 
eq
  36   37   38   39   40   41   42   43   44   45   46   47   48   49   50   51 
   2    5   18   44   59  105  161  265  402  566  807 1030 1328 1631 2139 2507 
  52   53   54   55   56   57   58   59   60   61   62   63   64   65   66   67 
3073 3683 4372 4809 5558 5919 6103 6320 6243 6047 5879 5907 5711 5437 4927 4580 
  68   69   70   71   72   73   74   75   76   77   78   79   80   81   82   83 
4429 3923 3374 3010 2701 2279 2019 1788 1480 1257 1090  877  658  586  455  448 
  84   85   86   87   88   89   90   91   92   93   94   95   96   97   98   99 
 316  294  270  206  150  116  117  112   82   52   63   46   35   49   10   30 
 100  101  102  103  106 
   2    6    1    9   23 

count of 1 values: mean 16.2074  variance 67.54577 

sum sq counts: mean 1305.125  variance 64535.51 

final counts: 12 30 12 10 

   user  system elapsed 
  4.703   0.000   4.703 
     [,1] [,2] [,3] [,4] [,5] [,6] [,7] [,8]
[1,]    3    3    2    4    1    3    3    3
[2,]    2    1    4    3    1    1    2    2
[3,]    2    1    4    3    1    1    2    2
[4,]    2    2    2    3    3    1    2    2
[5,]    4    2    2    2    1    1    1    4
[6,]    4    2    2    2    2    3    2    4
[7,]    4    2    2    2    4    1    2    4
[8,]    3    2    2    2    2    2    2    3

DST, Shuffled Sequential:
self transition frequency: 0.22875 
average self transition probability: 0.2284459 
minimum self transition probability: 0.2282184 
fraction of time max pr > 1/2: 0.4008828 

equal neighbors: mean 61.76427  variance 67.18467 
eq
  34   35   36   37   38   39   40   41   42   43   44   45   46   47   48   49 
   2    6    6    8   16   50   68  101  178  259  394  558  756  990 1347 1742 
  50   51   52   53   54   55   56   57   58   59   60   61   62   63   64   65 
2025 2747 3299 4121 4525 5042 5675 5932 6406 6624 6712 6727 6592 6167 5788 5300 
  66   67   68   69   70   71   72   73   74   75   76   77   78   79   80   81 
4997 4495 4160 3646 3258 2783 2291 2011 1715 1395 1224  984  849  669  615  491 
  82   83   84   85   86   87   88   89   90   91   92   93   94   95   96   97 
 404  310  287  219  200  159  105   86   71   39   47   59   27   38   45   43 
  98   99  100  101  102  103  104  106  108  110 
  24   17   25    9    3    9    2   18    6    2 

count of 1 values: mean 16.14238  variance 67.85018 

sum sq counts: mean 1287.391  variance 56525.34 

final counts: 15 9 11 29 

   user  system elapsed 
  4.683   0.000   4.683 
     [,1] [,2] [,3] [,4] [,5] [,6] [,7] [,8]
[1,]    1    2    1    3    4    4    4    4
[2,]    3    2    4    4    4    1    4    4
[3,]    3    2    4    2    1    2    2    3
[4,]    1    2    4    4    1    3    3    1
[5,]    1    1    4    4    3    3    3    1
[6,]    2    4    4    4    4    4    3    1
[7,]    2    1    4    4    4    4    4    1
[8,]    1    4    3    4    4    4    4    1

DST, Checkerboard:
self transition frequency: 0.2264219 
average self transition probability: 0.2271859 
minimum self transition probability: 0.2269393 
fraction of time max pr > 1/2: 0.4000156 

equal neighbors: mean 61.78866  variance 62.36641 
eq
  37   38   39   40   41   42   43   44   45   46   47   48   49   50   51   52 
   8   20   25   46   81  141  244  302  428  563  955 1343 1655 2163 2756 3376 
  53   54   55   56   57   58   59   60   61   62   63   64   65   66   67   68 
3966 4410 5249 5607 5936 6153 6503 6710 6639 6625 6450 6162 5624 5129 4582 4169 
  69   70   71   72   73   74   75   76   77   78   79   80   81   82   83   84 
3623 3096 2764 2397 2173 1812 1482 1363 1109  838  648  500  394  401  291  264 
  85   86   87   88   89   90   91   92   93   94   95   96   97   98   99  100 
 214  147  118   90   73   55   17   30    7   15   19    8    2   11    7    3 
 101  102  103  104  106 
   2    2    3    1    1 

count of 1 values: mean 15.69414  variance 54.64778 

sum sq counts: mean 1277.997  variance 48071.42 

final counts: 7 18 25 14 

   user  system elapsed 
  4.695   0.000   4.695 
     [,1] [,2] [,3] [,4] [,5] [,6] [,7] [,8]
[1,]    3    4    3    4    4    3    3    3
[2,]    3    4    3    4    4    1    1    3
[3,]    3    2    2    3    3    3    3    3
[4,]    3    3    4    4    4    3    3    4
[5,]    2    2    2    2    3    3    4    4
[6,]    2    2    2    3    1    3    3    4
[7,]    2    2    2    1    2    3    1    4
[8,]    2    2    2    2    1    3    2    1

DST, Random order:
self transition frequency: 0.2304609 
average self transition probability: 0.2305504 
minimum self transition probability: 0.2302735 
fraction of time max pr > 1/2: 0.4040547 

equal neighbors: mean 62.09492  variance 68.94286 
eq
  33   34   35   36   37   38   39   40   41   42   43   44   45   46   47   48 
   1    3    4    7   16   19   28   46   73  145  244  382  519  740 1076 1391 
  49   50   51   52   53   54   55   56   57   58   59   60   61   62   63   64 
1793 2203 2581 3081 3781 4371 5028 5294 5737 6009 6328 6367 6605 6325 6167 5901 
  65   66   67   68   69   70   71   72   73   74   75   76   77   78   79   80 
5561 5194 4760 4153 3760 3129 2831 2418 2136 1899 1698 1450 1265  979  905  691 
  81   82   83   84   85   86   87   88   89   90   91   92   93   94   95   96 
 537  488  364  288  274  215  156   90   87   92   53   55   31   24   25   14 
  97   98   99  100  101  103 
  27   31   13   24   11    7 

count of 1 values: mean 15.67457  variance 66.85569 

sum sq counts: mean 1294.418  variance 57073.45 

final counts: 4 10 43 7 

   user  system elapsed 
  4.622   0.000   4.622 
     [,1] [,2] [,3] [,4] [,5] [,6] [,7] [,8]
[1,]    3    3    3    3    3    3    4    4
[2,]    3    3    3    3    3    2    2    3
[3,]    3    3    3    3    3    3    3    3
[4,]    3    3    3    3    3    3    3    3
[5,]    3    1    1    2    3    3    3    3
[6,]    3    4    1    2    1    4    3    3
[7,]    3    2    2    2    2    4    3    3
[8,]    3    2    3    3    3    2    4    4

DST, Random order x4:
self transition frequency: 0.2273672 
average self transition probability: 0.2269206 
minimum self transition probability: 0.226706 
fraction of time max pr > 1/2: 0.3994766 

equal neighbors: mean 61.71602  variance 62.28349 
eq
  36   37   38   39   40   41   42   43   44   45   46   47   48   49   50   51 
   3   14   27   34   41   80  141  280  373  569  771  942 1293 1645 2115 2636 
  52   53   54   55   56   57   58   59   60   61   62   63   64   65   66   67 
3214 3691 4410 4932 5602 5794 6326 6857 6912 6926 6801 6503 6115 5603 5262 4677 
  68   69   70   71   72   73   74   75   76   77   78   79   80   81   82   83 
4147 3638 3237 2830 2410 2048 1620 1352 1193  907  782  716  535  367  304  237 
  84   85   86   87   88   89   90   91   92   93   94   95   96   97   98   99 
 156  143  116  120  100   64   53   81   32   26   24   50   26   26   31    9 
 100  101  102  103  104 
   5    3   15    3    5 

count of 1 values: mean 16.03191  variance 67.41112 

sum sq counts: mean 1282.428  variance 48902.81 

final counts: 25 15 10 14 

   user  system elapsed 
  4.654   0.000   4.654 
     [,1] [,2] [,3] [,4] [,5] [,6] [,7] [,8]
[1,]    2    4    1    1    2    1    1    2
[2,]    3    2    3    1    2    3    3    4
[3,]    3    3    2    4    4    4    1    4
[4,]    2    2    1    1    1    1    1    3
[5,]    1    1    1    4    4    3    3    1
[6,]    1    1    1    2    2    4    4    4
[7,]    1    1    1    2    2    4    3    4
[8,]    1    1    1    2    2    4    1    2

UST, Random:
self transition frequency: 0.2260781 
average self transition probability: 0.2272343 
minimum self transition probability: 0.2274679 
fraction of time max pr > 1/2: 0.3997578 

equal neighbors: mean 61.73884  variance 72.21832 
eq
  35   36   37   38   39   40   41   42   43   44   45   46   47   48   49   50 
   1   12   19   29   42   67   99  200  292  455  663  876 1172 1481 1852 2333 
  51   52   53   54   55   56   57   58   59   60   61   62   63   64   65   66 
2762 3301 3941 4528 5098 5720 5912 6391 6495 6555 6577 6563 6079 5719 5305 4776 
  67   68   69   70   71   72   73   74   75   76   77   78   79   80   81   82 
4328 3930 3475 3154 2573 2237 1919 1716 1455 1325  965  890  819  539  456  454 
  83   84   85   86   87   88   89   90   91   92   93   94   95   96   97   98 
 417  287  273  261  224  242  131  116   70   61   78   53   44   24   22   24 
  99  100  101  102  103  104  105  106  107  108  110  112 
  14   10    9   17    9   15    5   15   12   12    2    3 

count of 1 values: mean 15.93088  variance 62.97856 

sum sq counts: mean 1288.295  variance 60018.58 

final counts: 25 17 10 12 

   user  system elapsed 
  4.391   0.000   4.392 
     [,1] [,2] [,3] [,4] [,5] [,6] [,7] [,8]
[1,]    2    2    4    4    1    4    1    2
[2,]    1    2    3    4    2    1    1    1
[3,]    1    1    3    3    3    1    1    1
[4,]    1    1    1    1    2    1    1    1
[5,]    1    1    3    2    2    4    1    1
[6,]    1    1    3    2    2    2    3    3
[7,]    4    3    2    2    2    2    4    4
[8,]    4    4    2    2    1    3    4    4

UST, Sequential:
self transition frequency: 0.2271094 
average self transition probability: 0.2279042 
minimum self transition probability: 0.2286194 
fraction of time max pr > 1/2: 0.4019922 

equal neighbors: mean 61.68494  variance 67.3032 
eq
  34   35   36   37   38   39   40   41   42   43   44   45   46   47   48   49 
   2    4   13   30   37   63   81  191  256  336  386  597  769  989 1360 1864 
  50   51   52   53   54   55   56   57   58   59   60   61   62   63   64   65 
2315 2805 3307 3712 4430 4998 5588 5975 6255 6506 6496 6569 6489 6239 6073 5512 
  66   67   68   69   70   71   72   73   74   75   76   77   78   79   80   81 
5079 4535 4066 3559 3054 2775 2377 2205 1794 1616 1209  979  852  726  540  443 
  82   83   84   85   86   87   88   89   90   91   92   93   94   95   96   97 
 361  299  194  202  145  167   61  105   58   52   39   24   23   29   25   20 
  98   99  100  101  102  103  104  106 
  29   29   17   18    5   31    1   10 

count of 1 values: mean 15.65019  variance 64.6199 

sum sq counts: mean 1279.491  variance 54895.48 

final counts: 14 21 21 8 

   user  system elapsed 
  4.409   0.000   4.410 
     [,1] [,2] [,3] [,4] [,5] [,6] [,7] [,8]
[1,]    3    3    2    2    2    1    1    3
[2,]    2    3    3    4    4    2    1    2
[3,]    1    1    1    3    3    2    2    1
[4,]    4    3    2    2    2    2    1    4
[5,]    3    3    2    2    2    3    1    3
[6,]    3    3    2    4    4    3    2    2
[7,]    3    1    1    4    2    2    3    3
[8,]    3    3    1    1    2    1    4    3

UST, Shuffled Sequential:
self transition frequency: 0.2292812 
average self transition probability: 0.2285145 
minimum self transition probability: 0.2281874 
fraction of time max pr > 1/2: 0.4018047 

equal neighbors: mean 61.94144  variance 63.25756 
eq
  38   39   40   41   42   43   44   45   46   47   48   49   50   51   52   53 
   6   12   47   81  109  164  270  429  658  957 1329 1665 2317 2805 3198 3913 
  54   55   56   57   58   59   60   61   62   63   64   65   66   67   68   69 
4443 4999 5538 5781 6084 6199 6612 6508 6517 6318 5972 5713 5056 4614 4556 3832 
  70   71   72   73   74   75   76   77   78   79   80   81   82   83   84   85 
3522 2961 2572 2149 1838 1590 1269 1125  859  688  530  436  401  291  270  176 
  86   87   88   89   90   91   92   93   94   95   96   97   98   99  100  101 
 133   75   69   57   40   28   36   37   15   34   25   34    7    4   18    1 
 102 
   8 

count of 1 values: mean 15.63376  variance 65.06212 

sum sq counts: mean 1280.847  variance 50222.16 

final counts: 12 12 14 26 

   user  system elapsed 
  4.391   0.000   4.391 
     [,1] [,2] [,3] [,4] [,5] [,6] [,7] [,8]
[1,]    1    1    1    1    4    4    1    4
[2,]    3    3    4    2    4    4    4    2
[3,]    3    3    4    2    4    4    3    3
[4,]    3    3    4    4    4    1    1    1
[5,]    3    3    4    4    2    4    2    1
[6,]    3    4    4    4    4    3    2    1
[7,]    2    2    2    3    4    4    4    4
[8,]    2    2    2    1    1    4    4    3

UST, Checkerboard:
self transition frequency: 0.2316563 
average self transition probability: 0.2312973 
minimum self transition probability: 0.230625 
fraction of time max pr > 1/2: 0.4044844 

equal neighbors: mean 62.12916  variance 71.57772 
eq
  34   35   36   37   38   39   40   41   42   43   44   45   46   47   48   49 
   1    8    6   18   23   29   59   81  128  216  344  522  741 1033 1369 1778 
  50   51   52   53   54   55   56   57   58   59   60   61   62   63   64   65 
2256 2761 3320 3930 4457 4903 5299 5792 6129 6270 6386 6145 6123 5796 5651 5515 
  66   67   68   69   70   71   72   73   74   75   76   77   78   79   80   81 
4951 4810 4295 3948 3511 3169 2504 2231 1927 1555 1353 1137  904  779  718  585 
  82   83   84   85   86   87   88   89   90   91   92   93   94   95   96   97 
 467  350  308  299  226  175  110   97   75   40   44   45   21   32   20   28 
  98   99  100  101  102  103  104  105  106  107  108  109  110  111  112  113 
  13   28    1    5   15   16    3    9    7    1   13   14   27    3    9    7 
 114  116  117  118  120  121 
   1   15    3    5    1    1 

count of 1 values: mean 15.97288  variance 67.3999 

sum sq counts: mean 1293.989  variance 64182.04 

final counts: 10 8 35 11 

   user  system elapsed 
  4.414   0.000   4.414 
     [,1] [,2] [,3] [,4] [,5] [,6] [,7] [,8]
[1,]    3    3    3    1    2    1    3    3
[2,]    1    2    3    3    3    1    4    1
[3,]    3    3    4    3    1    1    4    3
[4,]    1    2    1    3    3    2    4    2
[5,]    4    4    3    4    3    3    3    3
[6,]    4    4    1    3    3    3    3    2
[7,]    4    3    3    4    3    3    2    3
[8,]    3    3    3    2    3    3    3    3

UST, Random order:
self transition frequency: 0.2261484 
average self transition probability: 0.2261079 
minimum self transition probability: 0.2265261 
fraction of time max pr > 1/2: 0.3992969 

equal neighbors: mean 61.71022  variance 62.74845 
eq
  35   36   37   38   39   40   41   42   43   44   45   46   47   48   49   50 
   2    5    5    3   18   40   82  151  235  369  498  725  964 1334 1686 2257 
  51   52   53   54   55   56   57   58   59   60   61   62   63   64   65   66 
2779 3272 3829 4454 4915 5682 6084 6444 6750 6889 6700 6488 6297 5971 5631 5332 
  67   68   69   70   71   72   73   74   75   76   77   78   79   80   81   82 
4549 3983 3652 3159 2800 2364 1988 1631 1319 1159  977  879  702  592  475  421 
  83   84   85   86   87   88   89   90   91   92   93   94   95   96   98   99 
 359  213  211  199  123   61   87   46   52   19   38   28    4   14    4    1 

count of 1 values: mean 16.33097  variance 61.3362 

sum sq counts: mean 1275.987  variance 49307.77 

final counts: 13 19 18 14 

   user  system elapsed 
  4.416   0.000   4.415 
     [,1] [,2] [,3] [,4] [,5] [,6] [,7] [,8]
[1,]    4    4    2    2    2    4    4    4
[2,]    4    3    1    2    2    3    4    3
[3,]    3    1    3    1    1    1    1    3
[4,]    3    1    4    1    4    4    3    3
[5,]    3    1    2    1    1    4    1    3
[6,]    2    3    3    2    3    2    2    2
[7,]    3    3    3    2    2    2    4    3
[8,]    1    2    2    2    2    2    4    4

UST, Random order x4:
self transition frequency: 0.2353516 
average self transition probability: 0.233875 
minimum self transition probability: 0.2334561 
fraction of time max pr > 1/2: 0.4084531 

equal neighbors: mean 62.30222  variance 70.81467 
eq
  33   34   35   36   37   38   39   40   41   42   43   44   45   46   47   48 
   2    5    4    7    2   10   19   43   70  114  182  313  453  660  908 1213 
  49   50   51   52   53   54   55   56   57   58   59   60   61   62   63   64 
1590 2034 2508 3085 3810 4353 4910 5474 5944 6355 6207 6562 6549 6430 6267 6103 
  65   66   67   68   69   70   71   72   73   74   75   76   77   78   79   80 
5555 5268 4675 4083 3704 3224 2853 2584 2082 1741 1466 1324 1106  932  764  664 
  81   82   83   84   85   86   87   88   89   90   91   92   93   94   95   96 
 625  544  410  344  287  267  182  155  160  156  123  113   96   71   68   39 
  97   98   99  100  101  102  104  105  107  108  109  112 
  29   50   13   13    8    3    9    7    5    6    3    3 

count of 1 values: mean 15.7243  variance 66.70104 

sum sq counts: mean 1301.952  variance 69358.15 

final counts: 24 7 11 22 

   user  system elapsed 
  4.376   0.000   4.376 
     [,1] [,2] [,3] [,4] [,5] [,6] [,7] [,8]
[1,]    1    1    1    1    3    4    4    4
[2,]    1    1    2    4    3    4    4    4
[3,]    1    4    1    2    2    4    4    4
[4,]    4    4    4    3    3    3    3    1
[5,]    4    4    1    1    3    3    1    1
[6,]    2    3    1    1    1    1    1    1
[7,]    2    4    1    4    1    2    2    3
[8,]    1    4    1    1    3    4    4    4

UDST, Random:
self transition frequency: 0.2249297 
average self transition probability: 0.2253939 
minimum self transition probability: 0.2256272 
fraction of time max pr > 1/2: 0.3986562 

equal neighbors: mean 61.49628  variance 59.33545 
eq
  33   34   35   36   37   38   39   40   41   42   43   44   45   46   47   48 
   1    1    5    6    8   15   28   47   95  196  292  409  560  820 1035 1369 
  49   50   51   52   53   54   55   56   57   58   59   60   61   62   63   64 
1858 2311 2838 3346 3825 4451 5071 5479 6101 6195 6397 6633 6593 6455 6221 5871 
  65   66   67   68   69   70   71   72   73   74   75   76   77   78   79   80 
5587 5276 4836 4424 3935 3502 3023 2600 2137 1755 1418 1122  848  662  579  418 
  81   82   83   84   85   86   87   88   89   90   91   92   93   94   95 
 358  279  192  145  109   98   70   39   18    9    7    9    2    2    9 

count of 1 values: mean 16.67873  variance 62.37753 

sum sq counts: mean 1269.978  variance 40964.27 

final counts: 11 31 9 13 

   user  system elapsed 
  7.725   0.000   7.725 
     [,1] [,2] [,3] [,4] [,5] [,6] [,7] [,8]
[1,]    2    2    3    2    4    4    1    4
[2,]    3    4    4    3    4    4    4    4
[3,]    4    2    3    2    2    2    4    4
[4,]    1    2    2    2    2    2    2    2
[5,]    2    2    1    2    2    2    2    3
[6,]    2    3    1    2    1    1    1    2
[7,]    2    2    2    2    4    3    1    3
[8,]    2    2    2    2    3    1    1    1

UDST, Sequential:
self transition frequency: 0.2335234 
average self transition probability: 0.2323223 
minimum self transition probability: 0.2314676 
fraction of time max pr > 1/2: 0.4063906 

equal neighbors: mean 62.10351  variance 69.39551 
eq
  33   34   35   36   37   38   39   40   41   42   43   44   45   46   47   48 
   2    4    9   12   30   32   44   62   85  121  213  308  443  646  885 1325 
  49   50   51   52   53   54   55   56   57   58   59   60   61   62   63   64 
1716 2273 2658 3255 3866 4370 4961 5375 5890 6207 6551 6748 6357 6274 6172 5840 
  65   66   67   68   69   70   71   72   73   74   75   76   77   78   79   80 
5413 4895 4576 4104 3588 3377 3016 2647 2310 1817 1595 1348 1197  981  780  689 
  81   82   83   84   85   86   87   88   89   90   91   92   93   94   95   96 
 555  376  367  258  218  142  148  151  144   82   79   73   72   49   26   29 
  97   98   99  100  101  102  103  104  105  106  107  110 
  18   38   18   31   14   12    3    3    3    3    1   20 

count of 1 values: mean 16.04298  variance 66.28251 

sum sq counts: mean 1295.63  variance 60660.66 

final counts: 21 12 10 21 

   user  system elapsed 
  7.676   0.000   7.677 
     [,1] [,2] [,3] [,4] [,5] [,6] [,7] [,8]
[1,]    3    4    3    4    4    1    3    4
[2,]    4    3    3    2    2    1    1    4
[3,]    4    4    2    2    2    1    1    1
[4,]    1    4    2    1    4    1    1    1
[5,]    1    1    1    1    4    4    3    1
[6,]    1    4    4    3    4    1    2    1
[7,]    2    4    4    3    4    4    2    2
[8,]    1    2    3    2    3    4    1    4

UDST, Shuffled Sequential:
self transition frequency: 0.227125 
average self transition probability: 0.2277289 
minimum self transition probability: 0.2278994 
fraction of time max pr > 1/2: 0.4015547 

equal neighbors: mean 61.77613  variance 63.44915 
eq
  32   33   34   35   36   37   38   39   40   41   42   43   44   45   46   47 
   1    6    3    4   12    7   10   16   47   70  115  197  346  481  738  944 
  48   49   50   51   52   53   54   55   56   57   58   59   60   61   62   63 
1359 1791 2337 2849 3367 3928 4407 5002 5457 6072 6153 6360 6493 6479 6590 6182 
  64   65   66   67   68   69   70   71   72   73   74   75   76   77   78   79 
6022 5639 5323 4779 4301 3729 3347 2801 2382 2090 1728 1478 1233 1029  823  663 
  80   81   82   83   84   85   86   87   88   89   90   91   92   93   94   95 
 628  507  321  299  209  156  143  106  124   82   49   35   41   20    9   14 
  96   97   98   99  100  101  103  104  105 
   3    5    5   26    4   10    5    3    6 

count of 1 values: mean 16.18098  variance 64.81239 

sum sq counts: mean 1285.193  variance 50574.93 

final counts: 12 28 15 9 

   user  system elapsed 
  7.674   0.000   7.673 
     [,1] [,2] [,3] [,4] [,5] [,6] [,7] [,8]
[1,]    1    1    2    2    2    2    2    4
[2,]    1    1    1    1    3    2    2    2
[3,]    2    4    4    2    3    3    3    2
[4,]    4    1    2    2    4    3    2    2
[5,]    4    3    2    3    1    3    4    1
[6,]    4    1    2    3    3    3    3    3
[7,]    4    2    2    3    2    3    2    2
[8,]    1    2    2    2    2    2    2    1

UDST, Checkerboard:
self transition frequency: 0.2258359 
average self transition probability: 0.2263497 
minimum self transition probability: 0.2263723 
fraction of time max pr > 1/2: 0.3985547 

equal neighbors: mean 61.68017  variance 68.12151 
eq
  33   34   36   37   38   39   40   41   42   43   44   45   46   47   48   49 
   1    2   13   21   20   35   63   91  160  235  359  508  775 1009 1361 1754 
  50   51   52   53   54   55   56   57   58   59   60   61   62   63   64   65 
2271 2792 3546 4055 4855 5276 5637 6026 6283 6475 6524 6723 6636 6252 5860 5416 
  66   67   68   69   70   71   72   73   74   75   76   77   78   79   80   81 
4746 4303 3970 3708 3177 2702 2402 2017 1658 1413 1247  811  843  630  567  440 
  82   83   84   85   86   87   88   89   90   91   92   93   94   95   96   97 
 373  291  246  237  180  152  108   94  107   57   79   73   74   40   21   34 
  98   99  100  101  102  103  104  105  106  107  108  109  112  116 
  24    5   15   42    9    1   15   11    3    4   10   12   13    2 

count of 1 values: mean 16.11139  variance 64.1473 

sum sq counts: mean 1281.189  variance 58156.41 

final counts: 16 23 13 12 

   user  system elapsed 
  7.718   0.000   7.718 
     [,1] [,2] [,3] [,4] [,5] [,6] [,7] [,8]
[1,]    1    1    1    1    4    4    4    1
[2,]    1    1    1    3    4    4    4    1
[3,]    1    2    2    3    4    4    4    2
[4,]    2    2    2    3    3    4    4    1
[5,]    2    2    2    2    2    2    2    2
[6,]    2    2    2    2    2    1    3    2
[7,]    2    2    4    1    3    3    3    1
[8,]    2    3    1    1    3    3    3    3

UDST, Random order:
self transition frequency: 0.2285312 
average self transition probability: 0.229211 
minimum self transition probability: 0.2298399 
fraction of time max pr > 1/2: 0.4033047 

equal neighbors: mean 61.97512  variance 77.27988 
eq
  36   37   38   39   40   41   42   43   44   45   46   47   48   49   50   51 
   1    4   22   34   45  120  145  284  407  550  804 1068 1416 1880 2322 2575 
  52   53   54   55   56   57   58   59   60   61   62   63   64   65   66   67 
3290 3997 4411 5008 5537 5975 6246 6353 6411 6403 6597 6247 5833 5486 5226 4644 
  68   69   70   71   72   73   74   75   76   77   78   79   80   81   82   83 
4116 3755 3235 2760 2348 2044 1638 1333 1006  847  729  659  539  467  373  373 
  84   85   86   87   88   89   90   91   92   93   94   95   96   97   98   99 
 259  240  253  168  145  204   80   69   94  105   87   70   73   67   68   38 
 100  101  102  103  104  106  107  108  109  110  111  112  113  114  115  116 
  36   20   19   12   21    8    4   68   20   30    9   50   16    4    7   25 
 118  120  124 
   8   13   47 

count of 1 values: mean 16.63423  variance 71.98551 

sum sq counts: mean 1302.86  variance 78901.22 

final counts: 15 16 9 24 

   user  system elapsed 
  7.710   0.000   7.711 
     [,1] [,2] [,3] [,4] [,5] [,6] [,7] [,8]
[1,]    4    2    3    3    1    2    1    4
[2,]    3    4    3    3    1    4    1    1
[3,]    4    4    2    1    1    2    3    4
[4,]    4    4    1    3    1    4    2    4
[5,]    4    4    2    3    2    2    2    4
[6,]    4    4    2    4    2    2    2    4
[7,]    4    4    4    4    1    1    2    2
[8,]    2    4    4    1    1    1    1    3

UDST, Random order x4:
self transition frequency: 0.2311797 
average self transition probability: 0.2306208 
minimum self transition probability: 0.2309122 
fraction of time max pr > 1/2: 0.4059531 

equal neighbors: mean 62.15704  variance 66.2064 
eq
  35   36   37   38   39   40   41   42   43   44   45   46   47   48   49   50 
   1    5    4   10   37   51   76  134  222  348  482  715  893 1258 1637 2101 
  51   52   53   54   55   56   57   58   59   60   61   62   63   64   65   66 
2495 3162 3730 4264 4795 5201 5684 6014 6353 6539 6600 6561 6208 6049 5825 5354 
  67   68   69   70   71   72   73   74   75   76   77   78   79   80   81   82 
4986 4345 4073 3631 2948 2502 2113 1849 1532 1236 1084  902  721  554  515  385 
  83   84   85   86   87   88   89   90   91   92   93   94   95   96   97   98 
 313  277  194  196  109  117  107   76   85   70   51   21   23   21   20    6 
  99  100  101  102  103  104  105 
  51   25   23   15    6    5    5 

count of 1 values: mean 16.44713  variance 68.19814 

sum sq counts: mean 1288.574  variance 52721.43 

final counts: 3 29 19 13 

   user  system elapsed 
    7.7     0.0     7.7 
     [,1] [,2] [,3] [,4] [,5] [,6] [,7] [,8]
[1,]    2    2    3    4    3    4    2    2
[2,]    4    3    4    4    3    2    2    2
[3,]    3    4    4    4    4    2    2    2
[4,]    4    2    3    3    2    2    2    4
[5,]    3    2    3    3    1    2    2    1
[6,]    2    2    3    3    1    2    2    2
[7,]    2    3    3    3    3    2    2    2
[8,]    2    4    3    3    3    4    2    2

HST, Random:
self transition frequency: 0.2239297 
average self transition probability: 0.2236371 
minimum self transition probability: 0.2234758 
fraction of time max pr > 1/2: 0.3949766 

equal neighbors: mean 61.52584  variance 59.05487 
eq
  35   36   37   38   39   40   41   42   43   44   45   46   47   48   49   50 
   2    3   17   31   37   63   89  147  217  305  453  678  938 1302 1722 2275 
  51   52   53   54   55   56   57   58   59   60   61   62   63   64   65   66 
2799 3326 3916 4596 5009 5648 6060 6485 6798 6750 6819 6854 6277 6156 5582 5345 
  67   68   69   70   71   72   73   74   75   76   77   78   79   80   81   82 
4783 4127 3606 3245 2915 2322 1997 1677 1309 1105  922  645  569  358  296  286 
  83   84   85   86   87   88   89   90   91   92   93   94   95   96   97   98 
 223  209  179  133   99   94   38   44   21   30   17   30    9    4    3    1 
  99  101 
   2    3 

count of 1 values: mean 16.66088  variance 65.60294 

sum sq counts: mean 1264.321  variance 41110.92 

final counts: 17 17 23 7 

   user  system elapsed 
  3.418   0.000   3.418 
     [,1] [,2] [,3] [,4] [,5] [,6] [,7] [,8]
[1,]    2    2    4    3    4    4    2    2
[2,]    2    2    2    2    4    4    4    2
[3,]    1    2    3    3    1    2    1    1
[4,]    3    3    3    3    3    2    3    1
[5,]    3    1    3    3    3    3    2    1
[6,]    1    1    1    1    1    3    3    3
[7,]    3    3    1    1    1    3    3    3
[8,]    2    2    1    4    1    3    2    2

HST, Sequential:
self transition frequency: 0.2308203 
average self transition probability: 0.2305583 
minimum self transition probability: 0.2300463 
fraction of time max pr > 1/2: 0.4038047 

equal neighbors: mean 61.91755  variance 70.84516 
eq
  33   35   36   37   38   39   40   41   42   43   44   45   46   47   48   49 
   3    3    5   11   18   29   65   91  143  195  294  426  685  981 1283 1791 
  50   51   52   53   54   55   56   57   58   59   60   61   62   63   64   65 
2158 2597 3341 4210 4795 5337 5547 6072 6353 6652 6659 6586 6379 6082 5733 5452 
  66   67   68   69   70   71   72   73   74   75   76   77   78   79   80   81 
4988 4525 3893 3562 2913 2631 2394 2016 1796 1464 1322 1087  825  687  662  479 
  82   83   84   85   86   87   88   89   90   91   92   93   94   95   96   97 
 416  359  326  274  230  204  124  142   77   98   65   39   37   53   28   26 
  98   99  100  101  102  103  104  105  106  108  109  111  112  113  116 
  36   36   24   33   35    5   11   16   18   19   11    7    6    4   21 

count of 1 values: mean 16.4784  variance 74.84559 

sum sq counts: mean 1295.861  variance 67816.33 

final counts: 15 23 22 4 

   user  system elapsed 
  3.446   0.004   3.449 
     [,1] [,2] [,3] [,4] [,5] [,6] [,7] [,8]
[1,]    3    2    3    3    3    1    1    1
[2,]    2    2    3    3    3    1    3    1
[3,]    1    2    2    4    3    3    3    1
[4,]    2    3    3    3    2    2    2    2
[5,]    2    2    4    3    3    1    2    2
[6,]    2    2    2    1    1    1    2    2
[7,]    2    2    3    3    3    1    1    2
[8,]    3    2    1    3    3    4    1    4

HST, Shuffled Sequential:
self transition frequency: 0.2319531 
average self transition probability: 0.2317341 
minimum self transition probability: 0.2315359 
fraction of time max pr > 1/2: 0.406375 

equal neighbors: mean 62.19267  variance 70.61185 
eq
  33   34   35   36   37   38   39   40   41   42   43   44   45   46   47   48 
   2    4    2   10    7   17   41   50  110  157  224  326  491  672  940 1325 
  49   50   51   52   53   54   55   56   57   58   59   60   61   62   63   64 
1729 2133 2600 3286 3808 4224 4617 5236 5917 6178 6546 6441 6424 6347 6249 5994 
  65   66   67   68   69   70   71   72   73   74   75   76   77   78   79   80 
5704 5213 4659 4190 3663 3404 2920 2416 2127 1771 1620 1413 1104  981  726  686 
  81   82   83   84   85   86   87   88   89   90   91   92   93   94   95   96 
 551  506  380  299  245  215  151  161  124   91  120   58   52   53   38   53 
  97   98   99  100  101  102  103  104  105  106  107  108  109  112  113  116 
  41   36   12   23    6   20    8    4    2   13    4    6    5   13    1    5 

count of 1 values: mean 16.36515  variance 70.57834 

sum sq counts: mean 1290.241  variance 61938.87 

final counts: 37 6 9 12 

   user  system elapsed 
  3.392   0.000   3.392 
     [,1] [,2] [,3] [,4] [,5] [,6] [,7] [,8]
[1,]    2    1    1    1    1    3    3    4
[2,]    1    1    1    1    1    1    4    4
[3,]    1    3    3    4    1    1    1    1
[4,]    4    1    1    1    1    4    2    1
[5,]    1    1    1    1    1    3    3    4
[6,]    1    1    1    1    3    2    4    4
[7,]    1    1    1    1    1    2    4    4
[8,]    2    3    1    1    4    1    3    2

HST, Checkerboard:
self transition frequency: 0.2280547 
average self transition probability: 0.2274868 
minimum self transition probability: 0.2270544 
fraction of time max pr > 1/2: 0.4003359 

equal neighbors: mean 61.83717  variance 65.92935 
eq
  31   33   34   35   36   37   38   39   40   41   42   43   44   45   46   47 
   1    3    3    1    7   12   12   28   40  105  174  233  364  524  694  923 
  48   49   50   51   52   53   54   55   56   57   58   59   60   61   62   63 
1214 1618 2169 2609 3221 3907 4590 5125 5445 5972 6384 6553 6911 6990 6792 6084 
  64   65   66   67   68   69   70   71   72   73   74   75   76   77   78   79 
5879 5670 5013 4753 4315 3600 3124 2665 2344 1907 1623 1389 1280  952  758  603 
  80   81   82   83   84   85   86   87   88   89   90   91   92   93   94   95 
 579  493  379  281  233  226  196  174  140  125  131   82   89   69   60   38 
  96   97   98   99  100  101  102  103  104  105  106  107 
  39   22    6   16    9    4    3    4    6    5    6    2 

count of 1 values: mean 15.75115  variance 59.85861 

sum sq counts: mean 1277.444  variance 56314.98 

final counts: 18 7 19 20 

   user  system elapsed 
  3.551   0.004   3.556 
     [,1] [,2] [,3] [,4] [,5] [,6] [,7] [,8]
[1,]    4    3    4    1    1    3    1    4
[2,]    4    3    4    1    1    3    1    1
[3,]    4    1    4    3    3    3    3    4
[4,]    3    1    1    1    4    3    4    4
[5,]    3    3    1    2    3    1    1    3
[6,]    3    3    2    4    4    2    2    3
[7,]    1    4    4    4    4    4    3    2
[8,]    1    4    4    1    2    2    3    1

HST, Random order:
self transition frequency: 0.2314609 
average self transition probability: 0.2314181 
minimum self transition probability: 0.2317238 
fraction of time max pr > 1/2: 0.4067812 

equal neighbors: mean 62.11945  variance 69.55083 
eq
  34   35   36   37   38   39   40   41   42   43   44   45   46   47   48   49 
   1    6   12   24   36   41   64  114  147  215  366  520  788  969 1351 1706 
  50   51   52   53   54   55   56   57   58   59   60   61   62   63   64   65 
2225 2657 3293 3750 4292 4846 5293 5622 5985 6070 6300 6348 6443 6294 6086 5696 
  66   67   68   69   70   71   72   73   74   75   76   77   78   79   80   81 
5367 4852 4259 3819 3355 2951 2443 2230 1829 1515 1311 1117  872  731  674  515 
  82   83   84   85   86   87   88   89   90   91   92   93   94   95   96   97 
 506  429  301  226  214  133  107  104   64   60   97   82   78   67   30   24 
  98   99  100  101  102  103  104  105 
  25   10   12    5    2   18    5    1 

count of 1 values: mean 16.43251  variance 71.91418 

sum sq counts: mean 1292.322  variance 60357.67 

final counts: 16 16 12 20 

   user  system elapsed 
  3.406   0.000   3.406 
     [,1] [,2] [,3] [,4] [,5] [,6] [,7] [,8]
[1,]    4    1    1    1    1    3    4    2
[2,]    4    4    4    1    3    4    2    2
[3,]    4    4    3    3    3    2    2    2
[4,]    4    4    3    3    4    4    4    2
[5,]    2    4    3    3    3    4    4    2
[6,]    2    4    4    1    1    3    1    1
[7,]    3    1    4    4    1    2    2    1
[8,]    2    1    1    1    1    2    2    2

HST, Random order x4:
self transition frequency: 0.2285156 
average self transition probability: 0.2279207 
minimum self transition probability: 0.2276916 
fraction of time max pr > 1/2: 0.4005391 

equal neighbors: mean 61.85125  variance 67.17363 
eq
  34   35   36   37   38   39   40   41   42   43   44   45   46   47   48   49 
   1    4    3   11   14   30   46   74  114  239  345  524  761 1006 1307 1794 
  50   51   52   53   54   55   56   57   58   59   60   61   62   63   64   65 
2292 2818 3391 3858 4400 4935 5554 5881 6395 6629 6455 6614 6526 6306 6001 5551 
  66   67   68   69   70   71   72   73   74   75   76   77   78   79   80   81 
5248 4635 4080 3460 3039 2723 2284 1966 1755 1430 1280 1017  918  693  686  510 
  82   83   84   85   86   87   88   89   90   91   92   93   94   95   96   97 
 446  433  229  265  207  146   99  117   88   59   62   59   30   32   16   27 
  98   99  100  101  102  103  104 
   9   22   13   15   13    3    7 

count of 1 values: mean 15.89396  variance 62.06839 

sum sq counts: mean 1282.756  variance 53958.15 

final counts: 12 7 20 25 

   user  system elapsed 
  3.312   0.000   3.312 
     [,1] [,2] [,3] [,4] [,5] [,6] [,7] [,8]
[1,]    4    4    3    3    3    3    3    4
[2,]    4    4    1    4    4    3    3    3
[3,]    4    4    3    3    3    3    4    4
[4,]    1    2    1    3    1    4    4    4
[5,]    1    2    1    4    4    4    4    2
[6,]    4    1    2    2    2    4    4    1
[7,]    3    1    1    1    1    4    4    3
[8,]    3    4    3    3    3    4    2    3

OHST, Random:
self transition frequency: 0.2245547 
average self transition probability: 0.2248177 
minimum self transition probability: 0.2252181 
fraction of time max pr > 1/2: 0.3964687 

equal neighbors: mean 61.29349  variance 67.7849 
eq
  33   34   35   36   37   38   39   40   41   42   43   44   45   46   47   48 
   1    4    3    2    5   17   35   67  134  179  300  465  636  883 1239 1581 
  49   50   51   52   53   54   55   56   57   58   59   60   61   62   63   64 
1996 2417 3060 3790 4357 4952 5451 5785 6251 6347 6330 6478 6323 6179 6023 5614 
  65   66   67   68   69   70   71   72   73   74   75   76   77   78   79   80 
5283 4802 4317 3874 3402 3076 2644 2207 2007 1689 1412 1126  957  821  568  423 
  81   82   83   84   85   86   87   88   89   90   91   92   93   94   95   96 
 417  370  285  221  234  199  136  117   90   61   77   31   28   40   37   16 
  97   98   99  100  101  102  103  104  105  106  107  108  110 
  20   14    2    2   15    3    2   27   16    3    6    8   11 

count of 1 values: mean 16.0578  variance 58.63027 

sum sq counts: mean 1280.199  variance 60097.39 

final counts: 42 6 6 10 

   user  system elapsed 
  4.412   0.000   4.412 
     [,1] [,2] [,3] [,4] [,5] [,6] [,7] [,8]
[1,]    2    1    1    1    1    1    1    4
[2,]    1    1    1    1    1    1    3    4
[3,]    1    1    1    1    3    1    4    3
[4,]    3    4    1    1    1    1    1    4
[5,]    4    4    1    1    1    1    3    4
[6,]    4    1    1    1    1    1    1    3
[7,]    1    4    1    1    1    1    2    2
[8,]    2    1    1    1    1    1    2    2

OHST, Sequential:
self transition frequency: 0.2278125 
average self transition probability: 0.2280807 
minimum self transition probability: 0.2284401 
fraction of time max pr > 1/2: 0.4018906 

equal neighbors: mean 61.83361  variance 62.71291 
eq
  34   36   37   38   39   40   41   42   43   44   45   46   47   48   49   50 
   1   10   13   17   30   42   63  124  181  301  474  672  924 1269 1641 2157 
  51   52   53   54   55   56   57   58   59   60   61   62   63   64   65   66 
2727 3215 3827 4598 5128 5323 5830 6324 6837 6637 6640 6568 6509 6136 5687 5275 
  67   68   69   70   71   72   73   74   75   76   77   78   79   80   81   82 
4728 4155 3613 3387 2824 2420 2097 1746 1447 1151  964  840  655  549  409  334 
  83   84   85   86   87   88   89   90   91   92   93   94   95   96   97   98 
 251  217  178  189  102   78  107   62   76   43   48   37   47   28   13   25 

count of 1 values: mean 15.59833  variance 63.20347 

sum sq counts: mean 1287.695  variance 54785.12 

final counts: 20 19 10 15 

   user  system elapsed 
  4.440   0.000   4.441 
     [,1] [,2] [,3] [,4] [,5] [,6] [,7] [,8]
[1,]    3    1    1    1    1    2    3    3
[2,]    3    4    2    1    4    1    4    4
[3,]    4    4    1    1    1    4    4    1
[4,]    1    4    3    3    1    2    1    1
[5,]    1    2    3    3    1    1    4    1
[6,]    2    2    2    2    2    2    4    2
[7,]    3    2    2    2    2    2    4    2
[8,]    1    4    4    2    2    4    3    1

OHST, Shuffled Sequential:
self transition frequency: 0.2241797 
average self transition probability: 0.2244378 
minimum self transition probability: 0.2248288 
fraction of time max pr > 1/2: 0.3967266 

equal neighbors: mean 61.44163  variance 66.53569 
eq
  36   37   38   39   40   41   42   43   44   45   46   47   48   49   50   51 
   1    2    5   17   66  113  160  205  354  542  781 1049 1419 1875 2431 3060 
  52   53   54   55   56   57   58   59   60   61   62   63   64   65   66   67 
3697 4293 4883 5407 5989 6225 6359 6426 6537 6410 6421 6178 5865 5370 4950 4429 
  68   69   70   71   72   73   74   75   76   77   78   79   80   81   82   83 
3981 3394 2983 2469 2273 1810 1555 1465 1135  873  742  558  502  452  354  339 
  84   85   86   87   88   89   90   91   92   93   94   95   96   97   98   99 
 292  196  179  168  156  125   82   79   42   46   54   25    2   38   13   11 
 100  101  102  103  104  105  107 
  24   25   12    4    3    8   12 

count of 1 values: mean 16.13197  variance 66.27893 

sum sq counts: mean 1276.175  variance 53920.91 

final counts: 24 16 16 8 

   user  system elapsed 
  4.321   0.004   4.325 
     [,1] [,2] [,3] [,4] [,5] [,6] [,7] [,8]
[1,]    1    1    1    3    3    2    2    2
[2,]    2    1    1    3    3    3    3    3
[3,]    4    1    1    3    3    3    3    3
[4,]    2    2    2    1    1    3    3    2
[5,]    4    4    2    2    1    3    4    3
[6,]    1    2    1    1    1    4    2    2
[7,]    1    1    1    1    1    1    1    1
[8,]    2    1    4    4    4    1    2    2

OHST, Checkerboard:
self transition frequency: 0.2284687 
average self transition probability: 0.2282695 
minimum self transition probability: 0.2276372 
fraction of time max pr > 1/2: 0.4003828 

equal neighbors: mean 61.8928  variance 65.53626 
eq
  33   34   35   36   37   38   39   40   41   42   43   44   45   46   47   48 
   1    1    4    4   10   12   16   25   45   92  164  275  403  627  931 1348 
  49   50   51   52   53   54   55   56   57   58   59   60   61   62   63   64 
1761 2323 2832 3382 3933 4565 5277 5553 5994 6130 6462 6631 6619 6509 6330 6050 
  65   66   67   68   69   70   71   72   73   74   75   76   77   78   79   80 
5601 5045 4435 3929 3499 3185 2879 2600 2086 1808 1375 1204 1056  763  714  588 
  81   82   83   84   85   86   87   88   89   90   91   92   93   94   95   96 
 514  411  382  322  270  195  202  151  137   93   72   44   43    8   33   13 
  97   98   99  100  102  103 
   6    7   11    3    1    6 

count of 1 values: mean 15.58144  variance 63.41557 

sum sq counts: mean 1287.342  variance 54683.81 

final counts: 13 36 5 10 

   user  system elapsed 
   4.35    0.00    4.35 
     [,1] [,2] [,3] [,4] [,5] [,6] [,7] [,8]
[1,]    2    2    2    2    2    2    2    1
[2,]    4    2    2    2    3    2    1    1
[3,]    3    1    1    2    4    4    4    1
[4,]    4    2    1    2    2    4    4    4
[5,]    3    2    2    1    1    1    1    4
[6,]    2    2    2    3    1    1    3    2
[7,]    4    2    2    2    2    2    2    2
[8,]    2    2    2    2    2    2    2    2

OHST, Random order:
self transition frequency: 0.2301094 
average self transition probability: 0.2301256 
minimum self transition probability: 0.2305419 
fraction of time max pr > 1/2: 0.4053828 

equal neighbors: mean 62.01771  variance 69.11323 
eq
  37   38   39   40   41   42   43   44   45   46   47   48   49   50   51   52 
   3   11   19   53  110  174  227  351  507  809 1056 1378 1782 2140 2534 3189 
  53   54   55   56   57   58   59   60   61   62   63   64   65   66   67   68 
3814 4446 5148 5420 5967 6130 6291 6508 6617 6533 6132 5889 5534 4981 4630 4031 
  69   70   71   72   73   74   75   76   77   78   79   80   81   82   83   84 
3766 3369 2787 2318 1910 1666 1532 1246 1167  969  810  785  610  541  458  364 
  85   86   87   88   89   90   91   92   93   94   95   96   97   98   99  100 
 276  213  161  130   74   69   58   73   45   45   37   25   24   21   14    9 
 101  103  104  105 
   9    2    1    2 

count of 1 values: mean 15.68742  variance 63.96608 

sum sq counts: mean 1296.426  variance 58916.98 

final counts: 23 8 8 25 

   user  system elapsed 
  4.311   0.000   4.312 
     [,1] [,2] [,3] [,4] [,5] [,6] [,7] [,8]
[1,]    1    1    3    3    2    1    1    1
[2,]    1    1    1    1    2    1    1    4
[3,]    1    1    1    1    3    2    1    1
[4,]    1    1    2    3    3    1    1    4
[5,]    4    1    2    3    1    4    4    4
[6,]    3    3    4    4    4    4    4    4
[7,]    4    4    4    4    4    4    4    4
[8,]    4    4    2    4    2    2    4    4

OHST, Random order x4:
self transition frequency: 0.2249141 
average self transition probability: 0.2259888 
minimum self transition probability: 0.2261854 
fraction of time max pr > 1/2: 0.3984531 

equal neighbors: mean 61.60666  variance 67.11129 
eq
  37   38   39   40   41   42   43   44   45   46   47   48   49   50   51   52 
   3    5   14   30   76  116  204  305  503  717 1073 1447 1828 2360 2917 3516 
  53   54   55   56   57   58   59   60   61   62   63   64   65   66   67   68 
4076 4617 5172 5729 6208 6554 6710 6967 6794 6523 6102 5747 5352 4975 4358 3949 
  69   70   71   72   73   74   75   76   77   78   79   80   81   82   83   84 
3465 2993 2772 2254 1865 1611 1271 1108  977  867  648  519  439  334  325  293 
  85   86   87   88   89   90   91   92   93   94   95   96   97   98   99  100 
 180  192  188  116  136   88   52   58   30   15   29    8    9   11   11   15 
 101  102  103  104  106  107  108  109  110  111  112  116 
   2   12    2   20   17    4   32    5   18   21   12   29 

count of 1 values: mean 16.15556  variance 68.6481 

sum sq counts: mean 1281.418  variance 57074.29 

final counts: 8 31 14 11 

   user  system elapsed 
  4.333   0.000   4.333 
     [,1] [,2] [,3] [,4] [,5] [,6] [,7] [,8]
[1,]    2    2    2    3    2    2    2    2
[2,]    2    1    4    1    4    4    2    2
[3,]    2    1    2    3    1    4    4    4
[4,]    3    3    3    2    4    3    3    1
[5,]    3    3    4    4    4    3    1    1
[6,]    3    3    2    2    3    2    2    1
[7,]    2    2    2    2    3    2    2    2
[8,]    2    2    2    4    2    2    2    2
> 
