
R version 4.1.2 (2021-11-01) -- "Bird Hippie"
Copyright (C) 2021 The R Foundation for Statistical Computing
Platform: x86_64-pc-linux-gnu (64-bit)

R is free software and comes with ABSOLUTELY NO WARRANTY.
You are welcome to redistribute it under certain conditions.
Type 'license()' or 'licence()' for distribution details.

R is a collaborative project with many contributors.
Type 'contributors()' for more information and
'citation()' on how to cite R or R packages in publications.

Type 'demo()' for some demos, 'help()' for on-line help, or
'help.start()' for an HTML browser interface to help.
Type 'q()' to quit R.

> # DO THE 8x8 POTTS EXPERIMENTAL RUNS - SET B.
> 
> source("methods.r")
> source("scans.r")
> source("potts-8x8.r")
> source("plot.r")
> 
> rtype <- "b"
> 
> meth <- list (GS=trans_GS,
+               MHGS=trans_MHGS,
+               UNAM=trans_UNAM,
+               DNAM=trans_DNAM,
+               UDNAM=trans_UDNAM,
+               ZDNAM=trans_ZDNAM
+         )
> 
> scan <- list (Random=scan_random,
+               Sequential=scan_sequential,
+               `Shuffled Sequential`=scan_shuffled_sequential,
+               Checkerboard=scan_checkerboard,
+               `Random order`=scan_random_order,
+               `Random order x4`=scan_random_order_x4
+         )
> 
> source("potts-runs-8x8-tail.r")
Shuffle order: 57 4 39 1 34 23 43 14 18 51 33 21 53 42 46 10 7 9 15 52 37 41 25 44 58 60 55 50 54 20 6 49 36 62 40 35 28 29 26 12 59 31 8 38 24 48 32 27 22 64 2 13 30 17 11 61 3 16 56 63 45 19 47 5 

GS, Random:
self transition frequency: 0.4594236 
average self transition probability: 0.4595769 
minimum self transition probability: 0.2287007 
fraction of time max pr > 1/2: 0.4021541 

equal neighbors: mean 61.91163  variance 67.03837 
eq
    27     28     29     30     31     32     33     34     35     36     37 
     1      2      1      6     12     29     78    146    267    597   1000 
    38     39     40     41     42     43     44     45     46     47     48 
  1911   3259   5541   9364  14878  22969  35184  50979  72615  99084 131940 
    49     50     51     52     53     54     55     56     57     58     59 
172527 220285 270925 327854 387649 445935 499078 549485 591715 626273 648558 
    60     61     62     63     64     65     66     67     68     69     70 
658935 654343 646257 620807 592054 550631 512126 463976 417841 370699 328180 
    71     72     73     74     75     76     77     78     79     80     81 
284651 245517 210291 178257 152363 126188 105788  86834  71846  59863  48697 
    82     83     84     85     86     87     88     89     90     91     92 
 39675  32790  27397  22619  17467  14338  12689   9913   8499   6824   5790 
    93     94     95     96     97     98     99    100    101    102    103 
  4697   3965   2933   2640   1975   1956   1401   1194   1022    796    524 
   104    105    106    107    108    109    110    111    112    113    114 
   504    523    351    224    226    148    237     85     97     92     50 
   116    118    119    122 
    18     32      3     15 

count of 1 values: mean 15.93926  variance 64.73709 

sum sq counts: mean 1287.169  variance 56719.54 

final counts: 21 15 11 17 

   user  system elapsed 
274.156   1.462 275.642 
     [,1] [,2] [,3] [,4] [,5] [,6] [,7] [,8]
[1,]    2    4    4    2    2    2    2    2
[2,]    3    3    4    1    3    3    3    3
[3,]    1    1    1    1    4    2    4    1
[4,]    1    1    2    1    1    1    2    1
[5,]    1    1    2    2    1    2    2    1
[6,]    1    1    4    4    4    4    3    1
[7,]    1    1    4    4    4    3    3    4
[8,]    4    4    4    3    3    2    2    4

GS, Sequential:
self transition frequency: 0.4597377 
average self transition probability: 0.4595715 
minimum self transition probability: 0.2286454 
fraction of time max pr > 1/2: 0.4021105 

equal neighbors: mean 61.89893  variance 66.40161 
eq
    23     25     26     27     28     29     30     31     32     33     34 
     1      6      2      1      1      3      1      3     20     44    118 
    35     36     37     38     39     40     41     42     43     44     45 
   258    437    902   1829   3097   5458   8973  14889  22932  34528  50424 
    46     47     48     49     50     51     52     53     54     55     56 
 71753  98848 132146 171496 220635 271464 328115 386475 444335 498513 551603 
    57     58     59     60     61     62     63     64     65     66     67 
592209 627694 646277 655247 657459 643642 623184 593426 557063 512997 469723 
    68     69     70     71     72     73     74     75     76     77     78 
422096 375520 327907 285900 246272 209118 177035 149487 123857 105048  87199 
    79     80     81     82     83     84     85     86     87     88     89 
 70691  58325  48493  39258  32351  26508  21654  16958  13997  11258   8982 
    90     91     92     93     94     95     96     97     98     99    100 
  7655   6151   4755   4191   3698   2688   2566   2219   1735   1293   1181 
   101    102    103    104    105    106    107    108    109    110    111 
   990    879    715    604    459    427    283    385    225    183    119 
   112    113    114    115    116    117    118    119    120    121 
   155     60     46     43     70     46     17     14      1      2 

count of 1 values: mean 15.96292  variance 64.95639 

sum sq counts: mean 1286.051  variance 55473.44 

final counts: 15 14 17 18 

   user  system elapsed 
277.274   1.272 278.569 
     [,1] [,2] [,3] [,4] [,5] [,6] [,7] [,8]
[1,]    4    2    1    1    3    4    4    4
[2,]    3    2    2    4    3    4    4    3
[3,]    1    4    3    3    2    3    3    1
[4,]    1    4    3    3    1    4    4    1
[5,]    1    1    3    3    1    2    2    1
[6,]    1    2    3    4    1    2    2    2
[7,]    4    4    3    3    3    2    4    2
[8,]    4    4    4    3    2    1    1    2

GS, Shuffled Sequential:
self transition frequency: 0.4601358 
average self transition probability: 0.4600576 
minimum self transition probability: 0.2293432 
fraction of time max pr > 1/2: 0.4031891 

equal neighbors: mean 61.98069  variance 66.9039 
eq
    25     26     27     28     29     30     31     32     33     34     35 
     1      2      4      3      5     14     22     38     65     99    257 
    36     37     38     39     40     41     42     43     44     45     46 
   530    958   1704   3068   5362   9000  14290  22114  33265  48989  70772 
    47     48     49     50     51     52     53     54     55     56     57 
 97170 130409 171524 217092 269204 324038 381523 440141 497218 545815 589587 
    58     59     60     61     62     63     64     65     66     67     68 
622690 645261 657764 654478 644521 623226 593545 555781 515035 470155 421454 
    69     70     71     72     73     74     75     76     77     78     79 
379015 331674 287973 247313 213740 180257 151334 126868 106047  87499  74018 
    80     81     82     83     84     85     86     87     88     89     90 
 60010  49234  40953  33900  27481  22805  17645  14869  11957  10230   8315 
    91     92     93     94     95     96     97     98     99    100    101 
  7067   5868   4711   3983   3444   2584   2343   1663   1529   1234    994 
   102    103    104    105    106    107    108    109    110    111    112 
   705    526    467    350    271    230    143    127    112     53     55 
   113    114    115    116    117    118    119    120    122    124    128 
    33     59      6     28      7     19      3     26     10     19      1 

count of 1 values: mean 15.91164  variance 65.35984 

sum sq counts: mean 1288.917  variance 56850.68 

final counts: 15 22 6 21 

   user  system elapsed 
277.470   1.296 278.790 
     [,1] [,2] [,3] [,4] [,5] [,6] [,7] [,8]
[1,]    2    2    2    4    4    4    4    1
[2,]    2    2    2    4    3    4    4    1
[3,]    2    2    4    4    4    4    2    3
[4,]    2    2    1    1    3    3    2    2
[5,]    1    2    2    4    3    3    2    1
[6,]    1    1    2    2    2    4    1    1
[7,]    1    1    4    4    4    4    4    1
[8,]    1    2    2    2    4    4    4    1

GS, Checkerboard:
self transition frequency: 0.4595183 
average self transition probability: 0.459551 
minimum self transition probability: 0.2285737 
fraction of time max pr > 1/2: 0.4019567 

equal neighbors: mean 61.90533  variance 66.10282 
eq
    26     29     31     32     33     34     35     36     37     38     39 
     2      2      8     35     68    136    279    545    843   1749   3002 
    40     41     42     43     44     45     46     47     48     49     50 
  5202   8950  14282  22404  33843  49192  71536  97389 132786 173093 218467 
    51     52     53     54     55     56     57     58     59     60     61 
272039 328919 384470 443189 499168 549365 594601 622874 646297 659211 656741 
    62     63     64     65     66     67     68     69     70     71     72 
646630 627010 593771 555921 514138 468853 421919 375414 329390 285079 244744 
    73     74     75     76     77     78     79     80     81     82     83 
209924 178442 149867 125908 104893  86177  71259  58272  48236  39283  32496 
    84     85     86     87     88     89     90     91     92     93     94 
 25767  20886  17168  13800  11154   9585   7867   6485   5302   4563   3512 
    95     96     97     98     99    100    101    102    103    104    105 
  2747   2459   2083   1606   1355   1066    829    714    575    537    361 
   106    107    108    109    110    111    112    113    114    115    116 
   280    235    213    143    103     77    109     44     38     21      2 
   117 
     1 

count of 1 values: mean 15.98936  variance 65.68586 

sum sq counts: mean 1286.475  variance 55353.68 

final counts: 12 18 20 14 

   user  system elapsed 
279.586   1.196 280.806 
     [,1] [,2] [,3] [,4] [,5] [,6] [,7] [,8]
[1,]    2    2    2    1    3    4    3    3
[2,]    4    4    2    4    1    3    3    4
[3,]    2    3    2    3    3    4    4    4
[4,]    2    1    4    4    3    1    2    2
[5,]    3    3    1    4    4    2    2    4
[6,]    3    3    1    2    2    2    2    1
[7,]    3    3    1    1    2    1    4    3
[8,]    3    1    1    3    2    2    3    3

GS, Random order:
self transition frequency: 0.4597283 
average self transition probability: 0.4595615 
minimum self transition probability: 0.22866 
fraction of time max pr > 1/2: 0.4020547 

equal neighbors: mean 61.90501  variance 66.5805 
eq
    25     26     27     28     29     30     31     32     33     34     35 
     3      2      5      1      1     11      6     27     41     88    251 
    36     37     38     39     40     41     42     43     44     45     46 
   504    982   1767   3168   5512   8868  14479  22862  34942  50015  71421 
    47     48     49     50     51     52     53     54     55     56     57 
 99152 132192 173358 222002 272848 330722 386211 445151 499500 548771 590774 
    58     59     60     61     62     63     64     65     66     67     68 
624258 646283 656164 653847 643019 622500 593873 555970 513727 465946 422009 
    69     70     71     72     73     74     75     76     77     78     79 
372660 328719 284855 247096 209921 177299 149867 125537 103578  86873  71650 
    80     81     82     83     84     85     86     87     88     89     90 
 58390  48947  40631  33837  26246  22204  18121  15149  11830   9967   8242 
    91     92     93     94     95     96     97     98     99    100    101 
  6366   5520   4465   3625   3014   2282   1926   1627   1275   1035    866 
   102    103    104    105    106    107    108    109    110    111    112 
   776    503    473    351    298    188    162     57     81     48     53 
   113    114    116    117    120 
    39     38     65      8      7 

count of 1 values: mean 16.1624  variance 66.86625 

sum sq counts: mean 1286.493  variance 55155.37 

final counts: 15 6 16 27 

   user  system elapsed 
276.525   1.296 277.850 
     [,1] [,2] [,3] [,4] [,5] [,6] [,7] [,8]
[1,]    4    4    4    2    4    2    1    1
[2,]    3    2    4    4    4    4    4    4
[3,]    4    2    4    4    3    3    4    2
[4,]    4    1    3    3    3    3    3    1
[5,]    1    1    3    3    3    3    3    3
[6,]    1    4    3    3    1    4    1    1
[7,]    1    4    4    2    1    4    1    1
[8,]    4    4    4    4    4    4    1    4

GS, Random order x4:
self transition frequency: 0.4595367 
average self transition probability: 0.4596053 
minimum self transition probability: 0.2287562 
fraction of time max pr > 1/2: 0.4022565 

equal neighbors: mean 61.91387  variance 66.47233 
eq
    25     27     28     30     31     32     33     34     35     36     37 
     1      1      2     10     14     50     74    137    274    471    950 
    38     39     40     41     42     43     44     45     46     47     48 
  1808   3214   5663   9365  14797  23065  34504  50189  71383  97143 131598 
    49     50     51     52     53     54     55     56     57     58     59 
170708 218338 271937 327453 385454 445416 500294 551115 593887 625503 646076 
    60     61     62     63     64     65     66     67     68     69     70 
657440 654444 645874 623333 591580 554818 512125 467795 416132 373977 328062 
    71     72     73     74     75     76     77     78     79     80     81 
286654 247775 212981 178993 152163 127166 106164  88308  71362  58982  48107 
    82     83     84     85     86     87     88     89     90     91     92 
 38657  31845  26187  21665  17464  14402  11678   9819   7554   6643   5052 
    93     94     95     96     97     98     99    100    101    102    103 
  4577   3537   3061   2319   1946   1575   1264    910    866    633    569 
   104    105    106    107    108    109    110    111    112    113    114 
   519    436    310    297    260    144    145     74    107     84     76 
   115    116    117    118    120    122    124 
    39     72     13     36     24      8      4 

count of 1 values: mean 16.00313  variance 65.73334 

sum sq counts: mean 1287.262  variance 55693.34 

final counts: 17 7 37 3 

   user  system elapsed 
277.167   1.300 278.499 
     [,1] [,2] [,3] [,4] [,5] [,6] [,7] [,8]
[1,]    1    3    2    3    3    3    3    3
[2,]    3    1    1    3    4    3    3    3
[3,]    1    1    1    2    3    3    3    2
[4,]    1    1    1    3    3    1    1    3
[5,]    3    1    4    3    3    1    3    3
[6,]    3    1    3    3    4    1    3    3
[7,]    3    3    2    2    3    1    3    2
[8,]    3    3    3    3    3    1    3    2

MHGS, Random:
self transition frequency: 0.3315287 
average self transition probability: 0.3315132 
minimum self transition probability: 0.2286782 
fraction of time max pr > 1/2: 0.4021736 

equal neighbors: mean 61.90445  variance 65.89342 
eq
    28     30     31     32     33     34     35     36     37     38     39 
     3      1      5     14     52    112    231    542    923   1722   3023 
    40     41     42     43     44     45     46     47     48     49     50 
  5201   8996  14427  22395  33784  49688  70618  98414 131089 172622 219033 
    51     52     53     54     55     56     57     58     59     60     61 
271007 328212 385152 443045 498186 547774 593514 627385 649868 658260 657532 
    62     63     64     65     66     67     68     69     70     71     72 
646277 625125 593368 554041 511163 467282 421769 375844 331146 287246 248335 
    73     74     75     76     77     78     79     80     81     82     83 
212812 179346 150185 125808 104697  85886  70453  57681  47558  38328  31912 
    84     85     86     87     88     89     90     91     92     93     94 
 25781  21492  17422  14498  11267   9690   7716   6323   5144   4473   3247 
    95     96     97     98     99    100    101    102    103    104    105 
  2662   2173   1607   1422   1142    929    731    606    529    445    278 
   106    107    108    109    110    111    112    113    114    115    116 
   258    259    255    114     93    104     97     36     46      8     34 
   117    118    120 
     7      8     12 

count of 1 values: mean 15.92844  variance 64.8243 

sum sq counts: mean 1286.81  variance 55180.1 

final counts: 32 12 6 14 

   user  system elapsed 
489.356   1.435 490.847 
     [,1] [,2] [,3] [,4] [,5] [,6] [,7] [,8]
[1,]    1    1    1    1    1    1    2    2
[2,]    2    1    1    2    1    2    1    2
[3,]    2    1    1    4    3    4    1    4
[4,]    1    3    1    1    1    3    1    1
[5,]    2    1    1    1    3    3    4    4
[6,]    2    1    1    1    1    1    4    4
[7,]    4    1    2    3    4    4    4    4
[8,]    2    2    1    1    1    1    4    4

MHGS, Sequential:
self transition frequency: 0.3322875 
average self transition probability: 0.3321918 
minimum self transition probability: 0.229498 
fraction of time max pr > 1/2: 0.4033023 

equal neighbors: mean 61.98044  variance 67.65677 
eq
    26     27     28     29     30     31     32     33     34     35     36 
     1      5      4      3      5      8     29     53    147    247    521 
    37     38     39     40     41     42     43     44     45     46     47 
   977   1755   3105   5484   8970  14381  22478  34148  50330  70734  98363 
    48     49     50     51     52     53     54     55     56     57     58 
132160 173110 218349 269663 325115 384625 440853 495913 545426 589061 623693 
    59     60     61     62     63     64     65     66     67     68     69 
645959 657093 654797 643746 620570 589109 553930 511946 465540 419638 373437 
    70     71     72     73     74     75     76     77     78     79     80 
332251 288611 248066 213683 180467 153057 127842 107255  88629  73066  59465 
    81     82     83     84     85     86     87     88     89     90     91 
 49388  40465  33230  27733  22847  18572  15130  13034  10684   9231   7141 
    92     93     94     95     96     97     98     99    100    101    102 
  6130   4862   4228   3332   2776   2354   1920   1693   1315   1060    965 
   103    104    105    106    107    108    109    110    111    112    113 
   887    675    612    453    216    319    257    170     65    175     46 
   114    115    116    117    118 
    67     29     31     30      5 

count of 1 values: mean 15.98391  variance 66.22044 

sum sq counts: mean 1290.316  variance 58347.7 

final counts: 20 16 23 5 

   user  system elapsed 
490.871   1.312 492.242 
     [,1] [,2] [,3] [,4] [,5] [,6] [,7] [,8]
[1,]    2    3    3    2    2    2    1    2
[2,]    3    3    3    3    2    1    1    1
[3,]    3    3    3    4    1    1    2    2
[4,]    3    1    3    3    3    4    4    4
[5,]    1    1    1    1    3    3    3    2
[6,]    3    1    4    3    3    1    3    3
[7,]    3    1    1    1    1    1    2    2
[8,]    2    2    1    1    3    2    2    2

MHGS, Shuffled Sequential:
self transition frequency: 0.3313941 
average self transition probability: 0.3315089 
minimum self transition probability: 0.2287421 
fraction of time max pr > 1/2: 0.4023185 

equal neighbors: mean 61.90047  variance 66.31783 
eq
    24     25     26     29     30     31     32     33     34     35     36 
     2      1      1      2      1     12     28     65    101    210    434 
    37     38     39     40     41     42     43     44     45     46     47 
   850   1690   3124   5457   8799  14398  22604  34351  49909  71164  98573 
    48     49     50     51     52     53     54     55     56     57     58 
132551 173346 220252 272704 330182 386719 444281 498483 549559 593632 626261 
    59     60     61     62     63     64     65     66     67     68     69 
647035 656328 658719 645775 625505 589468 552428 510542 467399 419291 372743 
    70     71     72     73     74     75     76     77     78     79     80 
329737 287052 245750 212547 179336 149831 126162 103939  86246  70712  58540 
    81     82     83     84     85     86     87     88     89     90     91 
 48152  39594  32661  26835  21830  17676  14630  12142   9757   7776   6329 
    92     93     94     95     96     97     98     99    100    101    102 
  5210   4306   3438   2524   2408   1951   1590   1141   1130    731    679 
   103    104    105    106    107    108    109    110    111    112    113 
   538    456    311    326    173    228    112    147     63     99     67 
   114    115    116    117    118    119    120 
    50      2     60     18      6      5     18 

count of 1 values: mean 15.98855  variance 65.4368 

sum sq counts: mean 1286.844  variance 55944.12 

final counts: 4 30 22 8 

   user  system elapsed 
487.387   1.316 488.757 
     [,1] [,2] [,3] [,4] [,5] [,6] [,7] [,8]
[1,]    4    3    4    2    2    2    2    4
[2,]    3    3    3    2    2    4    2    2
[3,]    3    3    3    3    1    2    2    1
[4,]    3    3    3    3    2    1    2    2
[5,]    2    3    3    2    2    2    2    2
[6,]    2    4    2    3    3    2    2    2
[7,]    2    2    3    3    3    3    4    2
[8,]    2    3    2    3    2    4    4    1

MHGS, Checkerboard:
self transition frequency: 0.3317037 
average self transition probability: 0.3317185 
minimum self transition probability: 0.2289322 
fraction of time max pr > 1/2: 0.4024632 

equal neighbors: mean 61.93634  variance 66.72138 
eq
    27     30     31     32     33     34     35     36     37     38     39 
     2      3      8     28     46    112    196    390    860   1668   2920 
    40     41     42     43     44     45     46     47     48     49     50 
  5206   8919  14091  22541  34023  50020  71348  98557 132764 172053 219650 
    51     52     53     54     55     56     57     58     59     60     61 
271158 328176 384734 442602 497963 547418 592279 624303 645649 657243 655336 
    62     63     64     65     66     67     68     69     70     71     72 
645727 622544 590816 552335 513406 466880 419135 374285 331208 286681 248101 
    73     74     75     76     77     78     79     80     81     82     83 
212926 180547 152857 128110 105347  86583  72629  59501  48925  40597  31935 
    84     85     86     87     88     89     90     91     92     93     94 
 26463  21478  17705  14496  11788   9967   8063   6251   5326   4470   3648 
    95     96     97     98     99    100    101    102    103    104    105 
  2932   2491   2148   1723   1382   1159    929    821    565    623    542 
   106    107    108    109    110    111    112    113    114    115    116 
   401    254    270    165    105    122    109     34     52     68     33 
   117    118    119    120    122 
     7      4     20     10     35 

count of 1 values: mean 16.02931  variance 66.38757 

sum sq counts: mean 1287.889  variance 56074.32 

final counts: 19 26 9 10 

   user  system elapsed 
491.338   1.392 492.785 
     [,1] [,2] [,3] [,4] [,5] [,6] [,7] [,8]
[1,]    3    3    4    1    1    2    2    2
[2,]    1    1    4    4    1    2    2    2
[3,]    4    1    4    4    4    1    3    2
[4,]    1    1    3    2    1    1    1    1
[5,]    1    2    2    2    2    2    2    1
[6,]    3    2    2    2    2    2    2    1
[7,]    1    3    4    4    2    2    2    2
[8,]    3    3    4    3    1    2    1    2

MHGS, Random order:
self transition frequency: 0.3319618 
average self transition probability: 0.331827 
minimum self transition probability: 0.229019 
fraction of time max pr > 1/2: 0.402593 

equal neighbors: mean 61.94169  variance 66.65642 
eq
    23     24     25     27     29     30     31     32     33     34     35 
     1      1      3      2      2      6     12     19     64    117    225 
    36     37     38     39     40     41     42     43     44     45     46 
   474    991   1701   3213   5636   9175  14692  22952  34323  50141  71631 
    47     48     49     50     51     52     53     54     55     56     57 
 99809 132866 172468 217599 270553 325555 383159 441472 497693 546929 587238 
    58     59     60     61     62     63     64     65     66     67     68 
619853 643887 655606 655598 645647 621709 596241 557414 512646 470243 424000 
    69     70     71     72     73     74     75     76     77     78     79 
377155 332131 287501 247815 212281 178974 151623 126580 105611  87037  72431 
    80     81     82     83     84     85     86     87     88     89     90 
 59474  49451  40036  32912  26590  21673  17734  14577  12156   9193   7814 
    91     92     93     94     95     96     97     98     99    100    101 
  6288   5052   4308   3393   2974   2399   2240   1690   1478   1034    901 
   102    103    104    105    106    107    108    109    110    111    112 
   747    729    557    330    399    215    256    163    116     70     80 
   113    114    115    116    117    118    122 
    69     46     20     74     15     32     10 

count of 1 values: mean 16.02315  variance 66.21712 

sum sq counts: mean 1287.991  variance 55819.35 

final counts: 16 10 27 11 

   user  system elapsed 
489.249   1.456 490.762 
     [,1] [,2] [,3] [,4] [,5] [,6] [,7] [,8]
[1,]    2    3    3    3    1    3    3    1
[2,]    3    3    1    1    1    3    1    4
[3,]    1    3    1    1    4    1    2    4
[4,]    1    1    2    3    4    2    4    4
[5,]    2    4    3    3    3    2    4    2
[6,]    2    1    4    3    3    3    3    4
[7,]    4    3    3    3    3    3    3    3
[8,]    1    1    2    3    3    3    2    1

MHGS, Random order x4:
self transition frequency: 0.331007 
average self transition probability: 0.3311413 
minimum self transition probability: 0.2283528 
fraction of time max pr > 1/2: 0.4016532 

equal neighbors: mean 61.86273  variance 66.37758 
eq
    27     28     29     30     31     32     33     34     35     36     37 
     1      1      1      3     12     29     52    112    244    448    902 
    38     39     40     41     42     43     44     45     46     47     48 
  1644   3208   5341   9145  14620  22573  34875  51147  72116  99723 133742 
    49     50     51     52     53     54     55     56     57     58     59 
174608 220727 273607 329971 388537 447024 501977 552639 596172 629453 650256 
    60     61     62     63     64     65     66     67     68     69     70 
660860 658033 644522 621504 590937 551366 509037 462660 416725 371783 325881 
    71     72     73     74     75     76     77     78     79     80     81 
283179 244517 210220 177872 149882 125029 103545  85343  69932  58517  47668 
    82     83     84     85     86     87     88     89     90     91     92 
 38821  31892  26793  21326  17737  14504  12083   9660   7349   6547   5234 
    93     94     95     96     97     98     99    100    101    102    103 
  4507   3496   2886   2608   2200   1707   1309   1170    834    672    490 
   104    105    106    107    108    109    110    111    112    113    114 
   484    428    341    116    212    122    206     77    118     32     56 
   115    116    117    118    120 
    13     20     12      2     14 

count of 1 values: mean 16.0173  variance 65.99776 

sum sq counts: mean 1285.95  variance 55500.72 

final counts: 9 21 23 11 

   user  system elapsed 
492.768   1.316 494.140 
     [,1] [,2] [,3] [,4] [,5] [,6] [,7] [,8]
[1,]    2    2    1    3    1    3    3    4
[2,]    3    4    1    1    3    3    3    3
[3,]    3    2    2    2    4    4    2    3
[4,]    3    2    2    3    3    4    2    3
[5,]    1    2    2    3    3    3    2    2
[6,]    2    2    4    1    3    3    4    4
[7,]    1    2    3    3    4    3    4    1
[8,]    2    2    2    2    2    3    4    1

UNAM, Random:
self transition frequency: 0.3138727 
average self transition probability: 0.313974 
minimum self transition probability: 0.2289921 
fraction of time max pr > 1/2: 0.4026492 

equal neighbors: mean 61.93443  variance 66.62169 
eq
    27     28     30     31     32     33     34     35     36     37     38 
     1      1      7     23     31     48    120    206    416    818   1615 
    39     40     41     42     43     44     45     46     47     48     49 
  3150   5234   9264  14591  22199  33803  49436  71305  99362 132086 172938 
    50     51     52     53     54     55     56     57     58     59     60 
218596 271280 326062 384271 441818 498312 545859 591701 623724 647124 655957 
    61     62     63     64     65     66     67     68     69     70     71 
657280 646751 624482 592173 556724 514369 468908 421174 373586 328808 285552 
    72     73     74     75     76     77     78     79     80     81     82 
246414 212730 180242 151010 125835 104593  86977  72280  59048  48801  39966 
    83     84     85     86     87     88     89     90     91     92     93 
 32960  27109  22114  17999  15071  12207   9629   7992   6366   5179   4160 
    94     95     96     97     98     99    100    101    102    103    104 
  3466   2879   2452   1922   1742   1475   1208    990    822    671    482 
   105    106    107    108    109    110    111    112    113    114    115 
   425    303    217    313    120    152     83    112     92     74     23 
   116    117    118    119    120    124 
    96     12      8      1     12      1 

count of 1 values: mean 15.98147  variance 65.62134 

sum sq counts: mean 1288.155  variance 56655.2 

final counts: 6 17 10 31 

    user   system  elapsed 
1044.881    1.455 1046.447 
     [,1] [,2] [,3] [,4] [,5] [,6] [,7] [,8]
[1,]    4    4    3    3    2    3    4    4
[2,]    2    4    4    1    1    3    4    3
[3,]    4    4    4    1    2    2    4    4
[4,]    4    4    2    4    3    3    4    1
[5,]    4    1    2    2    4    4    3    1
[6,]    4    2    2    2    2    4    4    4
[7,]    4    3    2    2    2    2    4    2
[8,]    4    4    3    2    4    4    4    4

UNAM, Sequential:
self transition frequency: 0.3140427 
average self transition probability: 0.3139456 
minimum self transition probability: 0.2288719 
fraction of time max pr > 1/2: 0.4024537 

equal neighbors: mean 61.94615  variance 67.08151 
eq
    24     25     26     27     29     30     31     32     33     34     35 
     3      3      4      4      1      1      4     22     57    118    266 
    36     37     38     39     40     41     42     43     44     45     46 
   502   1061   1863   3216   5774   9011  14673  22670  34077  50099  70989 
    47     48     49     50     51     52     53     54     55     56     57 
 97944 131489 171419 217793 271620 327707 384822 443301 496889 549962 589942 
    58     59     60     61     62     63     64     65     66     67     68 
623560 646693 656213 656031 641730 621712 592778 556226 512556 467156 420085 
    69     70     71     72     73     74     75     76     77     78     79 
375405 328920 287735 248569 211626 178714 151829 128072 105521  87414  72112 
    80     81     82     83     84     85     86     87     88     89     90 
 59525  48497  39884  33326  26743  22071  18375  14782  11901   9877   8039 
    91     92     93     94     95     96     97     98     99    100    101 
  6736   5227   4629   3949   3196   2579   2196   1675   1373   1430    903 
   102    103    104    105    106    107    108    109    110    111    112 
   885    770    704    431    487    359    356    190    225    131     94 
   113    114    115    116    117    118    120    124 
    73    130     43    101     17     25     72     31 

count of 1 values: mean 15.9749  variance 65.4156 

sum sq counts: mean 1287.517  variance 56503.9 

final counts: 27 15 7 15 

    user   system  elapsed 
1044.479    1.612 1046.212 
     [,1] [,2] [,3] [,4] [,5] [,6] [,7] [,8]
[1,]    1    1    1    1    1    2    3    2
[2,]    2    1    2    1    1    1    1    4
[3,]    4    1    3    1    1    1    4    4
[4,]    4    2    3    1    1    1    2    2
[5,]    4    4    4    4    4    1    4    1
[6,]    2    1    1    2    2    2    4    4
[7,]    2    1    4    3    3    1    2    2
[8,]    4    1    1    3    1    1    3    2

UNAM, Shuffled Sequential:
self transition frequency: 0.3140941 
average self transition probability: 0.3140524 
minimum self transition probability: 0.2290346 
fraction of time max pr > 1/2: 0.4026705 

equal neighbors: mean 61.94607  variance 66.79404 
eq
    25     26     29     30     31     32     33     34     35     36     37 
     1      3      2      4      8     16     47     91    245    464    986 
    38     39     40     41     42     43     44     45     46     47     48 
  1627   3090   5234   8725  13977  22362  34066  50629  71807  98922 131618 
    49     50     51     52     53     54     55     56     57     58     59 
173018 218079 270304 326484 384292 440764 495333 547695 590552 623643 646040 
    60     61     62     63     64     65     66     67     68     69     70 
657640 657565 645849 622637 594240 554080 512812 467340 421738 374354 330538 
    71     72     73     74     75     76     77     78     79     80     81 
286565 247805 210864 180845 151884 127190 106390  88203  71838  58986  48304 
    82     83     84     85     86     87     88     89     90     91     92 
 40341  32676  26825  21895  18019  14799  11924   9931   8137   6524   5469 
    93     94     95     96     97     98     99    100    101    102    103 
  4454   3931   3133   2580   2211   1597   1632   1166    943    762    649 
   104    105    106    107    108    109    110    111    112    113    114 
   559    459    332    270    254    149    171     62    173     59     46 
   115    116    117    118 
    14     37     18      4 

count of 1 values: mean 16.01828  variance 66.21052 

sum sq counts: mean 1288.309  variance 56522.35 

final counts: 5 24 21 14 

    user   system  elapsed 
1040.757    1.524 1042.403 
     [,1] [,2] [,3] [,4] [,5] [,6] [,7] [,8]
[1,]    2    3    3    1    3    2    2    4
[2,]    2    3    3    3    3    2    2    2
[3,]    4    3    3    3    3    2    2    4
[4,]    4    4    2    1    3    3    3    3
[5,]    4    4    1    2    2    4    3    3
[6,]    2    2    2    2    2    4    2    4
[7,]    2    2    3    2    2    4    2    4
[8,]    3    1    3    3    2    4    4    1

UNAM, Checkerboard:
self transition frequency: 0.3143155 
average self transition probability: 0.3142839 
minimum self transition probability: 0.2292575 
fraction of time max pr > 1/2: 0.4030867 

equal neighbors: mean 61.96664  variance 66.7495 
eq
    27     28     29     30     31     32     33     34     35     36     37 
     3      1      1      3     12     20     36    101    242    453    959 
    38     39     40     41     42     43     44     45     46     47     48 
  1758   3307   5286   9153  14566  22582  34316  50060  71001  97491 130575 
    49     50     51     52     53     54     55     56     57     58     59 
170642 216959 268693 323445 382149 438575 495587 546044 592045 626614 646881 
    60     61     62     63     64     65     66     67     68     69     70 
659162 658048 642514 622311 591375 556006 513121 469445 420565 375658 331700 
    71     72     73     74     75     76     77     78     79     80     81 
288236 248953 214482 180985 152270 126669 105907  88053  72841  58862  50027 
    82     83     84     85     86     87     88     89     90     91     92 
 39945  33639  27411  22562  17689  15102  12320  10100   8033   6607   5507 
    93     94     95     96     97     98     99    100    101    102    103 
  4696   3467   3151   2391   2113   1675   1473   1095    893    721    560 
   104    105    106    107    108    109    110    111    112    113    114 
   432    406    224    243    149    130    112     81    109     25     46 
   115    116    117    118    119    120    122    124 
     7     61      7      7      2     39      3     17 

count of 1 values: mean 15.95389  variance 66.10985 

sum sq counts: mean 1289.136  variance 56521.86 

final counts: 26 11 7 20 

    user   system  elapsed 
1047.152    1.472 1048.716 
     [,1] [,2] [,3] [,4] [,5] [,6] [,7] [,8]
[1,]    4    4    1    1    1    2    3    3
[2,]    4    2    3    4    1    2    4    4
[3,]    4    3    2    4    4    4    4    4
[4,]    2    2    2    4    3    3    4    4
[5,]    1    1    3    4    2    1    2    2
[6,]    1    1    4    1    1    1    4    2
[7,]    1    1    1    1    1    1    1    1
[8,]    1    4    1    4    1    1    1    1

UNAM, Random order:
self transition frequency: 0.3136605 
average self transition probability: 0.3137354 
minimum self transition probability: 0.2287332 
fraction of time max pr > 1/2: 0.4022256 

equal neighbors: mean 61.90359  variance 66.5201 
eq
    26     27     28     29     30     31     32     33     34     35     36 
     1      2      5      9     18     15     36     68    124    215    451 
    37     38     39     40     41     42     43     44     45     46     47 
   939   1792   3148   5339   8823  14157  22857  34525  50293  71468  99046 
    48     49     50     51     52     53     54     55     56     57     58 
132606 173718 220300 272388 326738 385299 443303 498466 548223 592978 627158 
    59     60     61     62     63     64     65     66     67     68     69 
648411 659410 659113 646289 625772 591575 555179 511049 466918 417758 372812 
    70     71     72     73     74     75     76     77     78     79     80 
328595 285548 246322 212401 178237 149995 124544 103427  86029  71714  58848 
    81     82     83     84     85     86     87     88     89     90     91 
 47784  39187  31743  26808  21430  17127  14263  11614   9970   8140   6575 
    92     93     94     95     96     97     98     99    100    101    102 
  5638   4501   3926   3031   2720   1978   1722   1472   1121    919    693 
   103    104    105    106    107    108    109    110    111    112    113 
   585    472    332    388    226    197    103    182    104    135    140 
   114    115    116    117    118    119    120    122    124 
    61     44     93     34     31     13     37      2      5 

count of 1 values: mean 16.02226  variance 66.10535 

sum sq counts: mean 1287.921  variance 56092.51 

final counts: 16 5 33 10 

    user   system  elapsed 
1042.545    1.584 1044.222 
     [,1] [,2] [,3] [,4] [,5] [,6] [,7] [,8]
[1,]    3    3    3    3    3    1    1    4
[2,]    3    2    4    3    3    1    1    4
[3,]    4    1    1    3    3    1    1    4
[4,]    3    3    2    3    3    3    3    4
[5,]    1    1    1    3    3    3    3    1
[6,]    3    3    1    1    3    3    3    3
[7,]    3    3    3    1    3    3    4    2
[8,]    3    4    2    4    3    1    4    2

UNAM, Random order x4:
self transition frequency: 0.313959 
average self transition probability: 0.3139692 
minimum self transition probability: 0.2288643 
fraction of time max pr > 1/2: 0.4023432 

equal neighbors: mean 61.93334  variance 67.13196 
eq
    25     26     27     28     29     30     31     32     33     34     35 
     1      1      4      3      2      2      7     17     28     97    224 
    36     37     38     39     40     41     42     43     44     45     46 
   515   1013   1746   3133   5601   8971  14674  23201  34142  50541  71661 
    47     48     49     50     51     52     53     54     55     56     57 
 99277 132607 173823 221707 272705 329746 385680 443775 498579 548310 589665 
    58     59     60     61     62     63     64     65     66     67     68 
620504 643922 655819 652781 640193 621956 592941 553352 512305 465966 421275 
    69     70     71     72     73     74     75     76     77     78     79 
373499 330617 286018 247322 211472 179745 151140 126850 105389  87357  73005 
    80     81     82     83     84     85     86     87     88     89     90 
 60928  49916  41143  33594  27217  22074  17756  14099  11901  10405   7969 
    91     92     93     94     95     96     97     98     99    100    101 
  6860   5553   4881   3795   3087   2555   2255   1691   1577   1053    941 
   102    103    104    105    106    107    108    109    110    111    112 
   827    672    423    421    342    232    190    148    162     56    147 
   113    114    115    116    117    118    120 
   113     23      8     53      7     10     30 

count of 1 values: mean 16.03625  variance 66.16382 

sum sq counts: mean 1288.044  variance 56596.16 

final counts: 24 8 21 11 

    user   system  elapsed 
1044.218    1.476 1045.745 
     [,1] [,2] [,3] [,4] [,5] [,6] [,7] [,8]
[1,]    3    1    2    1    1    1    4    3
[2,]    1    1    2    1    1    1    2    1
[3,]    3    3    3    1    1    4    1    4
[4,]    2    3    3    3    3    1    1    1
[5,]    4    4    3    3    3    1    1    1
[6,]    4    4    3    1    3    3    1    1
[7,]    3    3    3    2    2    1    3    3
[8,]    4    4    2    4    2    1    3    4

DNAM, Random:
self transition frequency: 0.2400043 
average self transition probability: 0.2399914 
minimum self transition probability: 0.2288807 
fraction of time max pr > 1/2: 0.4024563 

equal neighbors: mean 61.91695  variance 67.01295 
eq
    26     28     29     30     31     32     33     34     35     36     37 
     1      1      2      5     20     35     81    136    283    557    956 
    38     39     40     41     42     43     44     45     46     47     48 
  1712   3066   5292   8798  14290  22447  34363  50609  72059  99430 133434 
    49     50     51     52     53     54     55     56     57     58     59 
173629 220572 272450 328298 387117 444536 497985 550981 592846 622852 646815 
    60     61     62     63     64     65     66     67     68     69     70 
657322 657869 643452 621208 591751 553415 512022 466650 417763 371473 327226 
    71     72     73     74     75     76     77     78     79     80     81 
284575 245919 210343 178060 150958 126199 105801  87324  72117  60158  50022 
    82     83     84     85     86     87     88     89     90     91     92 
 40176  32683  26688  22456  18150  14477  12028   9961   8047   6691   5449 
    93     94     95     96     97     98     99    100    101    102    103 
  4538   3782   3162   2647   2095   1743   1385   1126    916    727    635 
   104    105    106    107    108    109    110    111    112    113    114 
   602    371    337    332    322    249    250    129    127     87    147 
   115    116    117    118    120 
    31     88     20     45     16 

count of 1 values: mean 15.95385  variance 65.63174 

sum sq counts: mean 1288.458  variance 56597.71 

final counts: 12 25 14 13 

   user  system elapsed 
814.217   1.576 815.840 
     [,1] [,2] [,3] [,4] [,5] [,6] [,7] [,8]
[1,]    2    2    2    2    2    4    2    2
[2,]    2    2    2    1    1    3    4    4
[3,]    3    3    2    4    1    3    4    4
[4,]    3    3    1    4    3    3    4    4
[5,]    2    2    1    1    3    2    3    3
[6,]    2    2    1    1    1    2    4    3
[7,]    2    1    2    2    1    4    1    4
[8,]    2    2    2    3    2    3    2    4

DNAM, Sequential:
self transition frequency: 0.2400232 
average self transition probability: 0.2400506 
minimum self transition probability: 0.2289252 
fraction of time max pr > 1/2: 0.4025382 

equal neighbors: mean 61.91752  variance 66.42639 
eq
    26     27     28     29     30     31     32     33     34     35     36 
     1      1      3      5     16     10     37     46     96    235    465 
    37     38     39     40     41     42     43     44     45     46     47 
   881   1697   3107   5384   8827  14215  22741  34199  50552  71792  99008 
    48     49     50     51     52     53     54     55     56     57     58 
133199 173873 219842 270774 328507 385003 442514 498046 549147 589844 625963 
    59     60     61     62     63     64     65     66     67     68     69 
647576 656692 655344 642047 623687 590286 553399 511847 468262 421806 376407 
    70     71     72     73     74     75     76     77     78     79     80 
329714 288165 247947 211261 178598 151198 125682 104440  87486  72544  59413 
    81     82     83     84     85     86     87     88     89     90     91 
 48955  40480  33071  26073  21670  17379  14535  11676   9982   7635   6428 
    92     93     94     95     96     97     98     99    100    101    102 
  5138   4429   3645   3020   2403   2201   1696   1196    965    943    603 
   103    104    105    106    107    108    109    110    111    112    113 
   484    332    314    273    133    129    153    127     11     15     19 
   114    116 
    32     24 

count of 1 values: mean 16.04073  variance 66.23511 

sum sq counts: mean 1287.356  variance 55314.19 

final counts: 13 9 30 12 

   user  system elapsed 
816.331   1.564 817.954 
     [,1] [,2] [,3] [,4] [,5] [,6] [,7] [,8]
[1,]    2    4    3    3    3    3    3    2
[2,]    1    1    1    4    4    3    3    3
[3,]    1    2    2    4    3    3    2    4
[4,]    4    4    3    4    4    1    4    4
[5,]    1    3    3    3    3    1    1    3
[6,]    1    2    3    3    3    3    3    1
[7,]    4    2    3    3    3    3    3    3
[8,]    1    2    3    2    3    1    3    1

DNAM, Shuffled Sequential:
self transition frequency: 0.2398106 
average self transition probability: 0.2398608 
minimum self transition probability: 0.2287877 
fraction of time max pr > 1/2: 0.4022912 

equal neighbors: mean 61.9113  variance 66.74576 
eq
    25     26     27     28     29     30     31     32     33     34     35 
     1      2      1      2      3      3     17     31     59    124    226 
    36     37     38     39     40     41     42     43     44     45     46 
   442    847   1682   3179   5407   9219  14573  23133  35153  51491  72622 
    47     48     49     50     51     52     53     54     55     56     57 
100487 133990 173310 219422 272008 327362 385043 442374 496823 547980 590087 
    58     59     60     61     62     63     64     65     66     67     68 
622664 645382 656200 657167 643658 625591 595470 557477 514850 468433 420280 
    69     70     71     72     73     74     75     76     77     78     79 
374741 326499 284635 245790 209721 178324 150168 124590 104258  86457  71158 
    80     81     82     83     84     85     86     87     88     89     90 
 58732  48893  39935  32700  26595  21814  17901  14889  11989  10141   8280 
    91     92     93     94     95     96     97     98     99    100    101 
  7065   5417   4745   4069   3073   2488   2014   1662   1276   1091    925 
   102    103    104    105    106    107    108    109    110    111    112 
   797    668    522    365    334    291    249    102    124     60     92 
   113    114    115    116    118 
    13     54      1     17      1 

count of 1 values: mean 16.02031  variance 65.85635 

sum sq counts: mean 1287.683  variance 56032.09 

final counts: 31 17 10 6 

   user  system elapsed 
812.179   1.563 813.834 
     [,1] [,2] [,3] [,4] [,5] [,6] [,7] [,8]
[1,]    1    1    1    3    2    2    1    1
[2,]    1    1    1    2    3    3    3    4
[3,]    1    1    1    1    2    1    2    1
[4,]    1    1    1    1    2    2    2    1
[5,]    1    1    1    1    2    2    2    2
[6,]    1    1    4    3    3    2    3    4
[7,]    1    1    4    3    1    2    3    4
[8,]    1    1    4    2    2    2    1    3

DNAM, Checkerboard:
self transition frequency: 0.2400152 
average self transition probability: 0.2400117 
minimum self transition probability: 0.2289361 
fraction of time max pr > 1/2: 0.4025327 

equal neighbors: mean 61.93511  variance 66.06208 
eq
    27     28     29     30     31     32     33     34     35     36     37 
     2      3      5     10      9     20     44    108    263    460    879 
    38     39     40     41     42     43     44     45     46     47     48 
  1654   2956   5508   8883  14408  22560  34347  49992  71006  97729 130586 
    49     50     51     52     53     54     55     56     57     58     59 
170793 217177 268644 325231 382707 440453 494492 545682 591081 626361 650306 
    60     61     62     63     64     65     66     67     68     69     70 
659565 659931 647240 627052 594708 557255 513669 468903 421709 375053 330430 
    71     72     73     74     75     76     77     78     79     80     81 
287868 248413 211306 179113 149941 126160 104765  86853  71673  59637  48198 
    82     83     84     85     86     87     88     89     90     91     92 
 39971  32729  26441  22322  17822  14510  11732   9444   7706   6304   5155 
    93     94     95     96     97     98     99    100    101    102    103 
  4238   3376   2984   2302   1903   1546   1163   1033    724    650    536 
   104    105    106    107    108    109    110    111    112    113    114 
   310    290    190    176    158    131     98     52     37     42     41 
   115    116    117    118    120 
    10     45      6      7     15 

count of 1 values: mean 15.98118  variance 65.55383 

sum sq counts: mean 1287.297  variance 55108.44 

final counts: 12 23 16 13 

   user  system elapsed 
816.809   1.592 818.466 
     [,1] [,2] [,3] [,4] [,5] [,6] [,7] [,8]
[1,]    2    4    3    3    3    3    1    2
[2,]    1    1    3    3    4    4    1    1
[3,]    1    3    1    4    4    4    2    1
[4,]    2    2    2    4    4    1    2    2
[5,]    2    2    1    2    3    3    2    2
[6,]    2    2    2    2    3    4    2    2
[7,]    3    3    2    2    4    4    4    2
[8,]    3    3    3    4    3    1    1    2

DNAM, Random order:
self transition frequency: 0.2394328 
average self transition probability: 0.2395465 
minimum self transition probability: 0.2285302 
fraction of time max pr > 1/2: 0.4019005 

equal neighbors: mean 61.88256  variance 66.65559 
eq
    28     29     30     31     32     33     34     35     36     37     38 
     2      4      5     11     20     56    117    274    548   1073   1844 
    39     40     41     42     43     44     45     46     47     48     49 
  3231   5549   9238  14834  23372  35259  51944  72657 100589 132261 173857 
    50     51     52     53     54     55     56     57     58     59     60 
219927 272592 329743 387632 445696 501170 551047 593353 626984 647348 658374 
    61     62     63     64     65     66     67     68     69     70     71 
658379 644306 621291 590233 552561 509549 463723 416728 370957 326381 285091 
    72     73     74     75     76     77     78     79     80     81     82 
245236 210806 177708 150281 126329 104585  87445  71904  58761  48661  40046 
    83     84     85     86     87     88     89     90     91     92     93 
 32804  26599  21757  17779  14679  11905   9721   7965   6136   5118   4300 
    94     95     96     97     98     99    100    101    102    103    104 
  3948   2869   2534   2002   1650   1351   1169    881    730    570    482 
   105    106    107    108    109    110    111    112    113    114    116 
   312    311    154    287    113    115     10     93     40     19     20 
   117    120 
     4      1 

count of 1 values: mean 15.89255  variance 65.36949 

sum sq counts: mean 1286.868  variance 55787.85 

final counts: 17 23 12 12 

   user  system elapsed 
815.564   1.480 817.077 
     [,1] [,2] [,3] [,4] [,5] [,6] [,7] [,8]
[1,]    4    1    2    4    4    1    3    3
[2,]    2    2    2    3    2    2    2    1
[3,]    2    3    2    3    1    1    1    1
[4,]    3    2    2    1    1    4    1    2
[5,]    4    2    4    1    1    3    1    1
[6,]    2    2    3    4    4    2    2    3
[7,]    2    2    3    4    4    4    2    2
[8,]    1    1    2    1    2    4    3    3

DNAM, Random order x4:
self transition frequency: 0.2397268 
average self transition probability: 0.2397214 
minimum self transition probability: 0.2286961 
fraction of time max pr > 1/2: 0.402187 

equal neighbors: mean 61.90392  variance 66.45867 
eq
    25     26     27     28     29     30     31     32     33     34     35 
     1      2      3      5      2      3      7     18     41    101    233 
    36     37     38     39     40     41     42     43     44     45     46 
   482    959   1767   3269   5462   9075  14774  22840  34651  50466  72158 
    47     48     49     50     51     52     53     54     55     56     57 
 99246 132825 172666 218236 270433 326945 386255 444003 500383 550218 592310 
    58     59     60     61     62     63     64     65     66     67     68 
624973 647937 658808 660517 646519 624657 590675 554796 511384 463918 417949 
    69     70     71     72     73     74     75     76     77     78     79 
372502 328130 284488 247205 210529 178755 150659 127327 105571  87401  72108 
    80     81     82     83     84     85     86     87     88     89     90 
 59153  48277  39575  32645  25992  20683  17538  14174  11533   9687   8107 
    91     92     93     94     95     96     97     98     99    100    101 
  6588   5323   4548   3851   2808   2409   2097   1711   1335   1160    773 
   102    103    104    105    106    107    108    109    110    111    112 
   762    538    488    266    356    159    215    120    101     55    100 
   113    114    115    116    117    118    120    121 
    22     78     26     62     12     20      4      2 

count of 1 values: mean 15.91751  variance 65.15019 

sum sq counts: mean 1287.559  variance 56187.48 

final counts: 15 8 34 7 

   user  system elapsed 
815.630   1.404 817.084 
     [,1] [,2] [,3] [,4] [,5] [,6] [,7] [,8]
[1,]    2    3    4    4    4    4    3    3
[2,]    1    1    3    1    1    3    3    3
[3,]    1    1    3    1    4    3    2    2
[4,]    1    3    3    1    1    3    3    3
[5,]    3    3    3    1    1    3    3    3
[6,]    3    3    3    3    3    3    3    3
[7,]    3    3    3    3    4    1    1    2
[8,]    2    4    3    2    1    3    2    2

UDNAM, Random:
self transition frequency: 0.2766963 
average self transition probability: 0.2767778 
minimum self transition probability: 0.2287329 
fraction of time max pr > 1/2: 0.4021134 

equal neighbors: mean 61.89803  variance 66.88638 
eq
    23     24     27     30     31     32     33     34     35     36     37 
     1      3      1      3      6     21     48    116    254    518   1057 
    38     39     40     41     42     43     44     45     46     47     48 
  1841   3275   5605   9252  14604  23106  34803  51301  72344  99592 133848 
    49     50     51     52     53     54     55     56     57     58     59 
175472 222849 274284 329722 387325 445155 498252 547633 590918 623189 643879 
    60     61     62     63     64     65     66     67     68     69     70 
655247 656277 644140 620461 593927 552698 514130 465964 419515 374251 326275 
    71     72     73     74     75     76     77     78     79     80     81 
284932 244980 209062 176868 149978 125844 104776  87815  72662  60319  49216 
    82     83     84     85     86     87     88     89     90     91     92 
 40176  32513  26743  22120  18107  14519  11950   9794   8261   6440   5435 
    93     94     95     96     97     98     99    100    101    102    103 
  4441   3561   2999   2466   2077   1695   1381   1157    889    700    576 
   104    105    106    107    108    109    110    111    112    113    114 
   476    446    310    214    278    144     90     62    151     52     43 
   115    116    117    118    120    121 
    17     64     15      9     14      1 

count of 1 values: mean 15.9519  variance 65.3047 

sum sq counts: mean 1287.141  variance 56359.73 

final counts: 9 20 11 24 

    user   system  elapsed 
1558.765    1.628 1560.504 
     [,1] [,2] [,3] [,4] [,5] [,6] [,7] [,8]
[1,]    2    3    4    2    2    2    4    4
[2,]    4    4    4    3    1    1    4    4
[3,]    1    2    3    3    1    4    4    4
[4,]    2    2    1    3    3    1    2    2
[5,]    2    3    3    3    1    4    2    2
[6,]    2    1    3    2    2    2    4    4
[7,]    1    3    2    2    2    4    4    4
[8,]    4    4    4    2    4    4    4    4

UDNAM, Sequential:
self transition frequency: 0.2762413 
average self transition probability: 0.276334 
minimum self transition probability: 0.2282884 
fraction of time max pr > 1/2: 0.4015827 

equal neighbors: mean 61.871  variance 66.25612 
eq
    26     27     28     29     30     31     32     33     34     35     36 
     2      7      1      2      8     17     46     61     93    210    429 
    37     38     39     40     41     42     43     44     45     46     47 
   803   1603   2915   5435   9050  14668  23011  34937  51076  72482 100228 
    48     49     50     51     52     53     54     55     56     57     58 
134210 175541 221923 272914 328315 387484 443490 500627 548880 591344 628873 
    59     60     61     62     63     64     65     66     67     68     69 
648528 657864 657468 642399 622352 592339 556296 513818 466894 421346 375547 
    70     71     72     73     74     75     76     77     78     79     80 
328661 284733 244440 208795 177650 149512 125387 103079  85327  69699  57770 
    81     82     83     84     85     86     87     88     89     90     91 
 46874  38123  30834  25814  21413  17712  14210  11619   9567   7621   6334 
    92     93     94     95     96     97     98     99    100    101    102 
  5255   4166   3371   2995   2338   2050   1552   1400   1171    955    873 
   103    104    105    106    107    108    109    110    111    112    113 
   625    448    475    405    239    228    162    178     84     98     40 
   114    115    116    117    118    119    120    122    124 
    59     21      8     10     12      1     33      6     32 

count of 1 values: mean 16.00353  variance 65.66653 

sum sq counts: mean 1285.616  variance 55205.24 

final counts: 29 15 17 3 

    user   system  elapsed 
1562.467    1.692 1564.257 
     [,1] [,2] [,3] [,4] [,5] [,6] [,7] [,8]
[1,]    2    3    3    3    3    3    2    1
[2,]    1    1    3    4    1    3    1    1
[3,]    1    4    4    2    1    2    2    1
[4,]    1    1    1    2    1    3    3    1
[5,]    1    3    3    3    2    1    3    1
[6,]    1    2    2    2    2    2    2    1
[7,]    1    3    1    1    2    2    1    1
[8,]    3    3    1    1    3    1    1    1

UDNAM, Shuffled Sequential:
self transition frequency: 0.2765601 
average self transition probability: 0.2767549 
minimum self transition probability: 0.2287495 
fraction of time max pr > 1/2: 0.4022719 

equal neighbors: mean 61.90562  variance 66.61234 
eq
    25     26     29     30     31     32     33     34     35     36     37 
     1      2      1      4      9     24     47    117    254    547   1011 
    38     39     40     41     42     43     44     45     46     47     48 
  1827   3122   5359   8955  14470  22386  34145  50284  72075  99271 133002 
    49     50     51     52     53     54     55     56     57     58     59 
172793 219498 271803 329459 387830 444100 501280 552678 592056 624795 646902 
    60     61     62     63     64     65     66     67     68     69     70 
656890 655812 643155 620768 591411 552212 512322 466447 418357 372529 328276 
    71     72     73     74     75     76     77     78     79     80     81 
285315 246614 211257 180567 151992 128056 106126  87091  71903  59225  47329 
    82     83     84     85     86     87     88     89     90     91     92 
 39034  32366  26246  21528  17450  14262  11625   9567   8079   6588   5264 
    93     94     95     96     97     98     99    100    101    102    103 
  4351   3320   2754   2406   2024   1734   1368   1186    917    793    604 
   104    105    106    107    108    109    110    111    112    113    114 
   554    401    468    300    267    145    189     46    146     49     74 
   115    116    117    118    119    120    122 
    14     73     25      8      8      5      1 

count of 1 values: mean 15.9511  variance 65.5732 

sum sq counts: mean 1287.793  variance 56164.81 

final counts: 7 14 3 40 

    user   system  elapsed 
1558.178    1.624 1559.894 
     [,1] [,2] [,3] [,4] [,5] [,6] [,7] [,8]
[1,]    4    2    4    2    1    2    2    2
[2,]    4    4    3    1    1    4    4    4
[3,]    4    2    4    4    3    4    4    4
[4,]    3    4    1    4    4    4    4    4
[5,]    4    4    1    4    4    4    4    4
[6,]    4    4    1    4    4    4    4    4
[7,]    4    4    4    4    4    1    4    2
[8,]    2    2    2    2    4    2    2    2

UDNAM, Checkerboard:
self transition frequency: 0.2762956 
average self transition probability: 0.276363 
minimum self transition probability: 0.2282554 
fraction of time max pr > 1/2: 0.4015305 

equal neighbors: mean 61.87757  variance 65.94745 
eq
    27     29     30     31     32     33     34     35     36     37     38 
     2      2      2      4     15     55     98    195    384    832   1625 
    39     40     41     42     43     44     45     46     47     48     49 
  3137   5292   9089  14462  22903  34468  50405  72182 100013 134293 173999 
    50     51     52     53     54     55     56     57     58     59     60 
219611 271063 328050 386234 444067 502146 550772 593272 625697 647103 656145 
    61     62     63     64     65     66     67     68     69     70     71 
658228 645728 624885 593038 554633 512119 467466 420776 374164 331229 287453 
    72     73     74     75     76     77     78     79     80     81     82 
245515 211111 177564 149952 124795 103599  84145  70147  57809  46552  38878 
    83     84     85     86     87     88     89     90     91     92     93 
 31638  25389  21267  17399  14521  11628   9706   7811   6450   5011   4061 
    94     95     96     97     98     99    100    101    102    103    104 
  3419   2821   2361   1882   1337   1197    993    820    592    377    380 
   105    106    107    108    109    110    111    112    113    114    115 
   278    238    162    158    135    125     68    180     97     40      1 
   116    117    120 
    21     28      6 

count of 1 values: mean 15.96099  variance 65.36337 

sum sq counts: mean 1285.997  variance 54991.54 

final counts: 8 10 34 12 

    user   system  elapsed 
1566.205    1.636 1567.919 
     [,1] [,2] [,3] [,4] [,5] [,6] [,7] [,8]
[1,]    4    3    1    3    3    2    4    4
[2,]    2    1    3    3    3    4    1    4
[3,]    2    4    4    3    2    2    1    1
[4,]    3    2    3    3    3    2    3    2
[5,]    3    3    3    3    3    3    3    2
[6,]    4    3    3    4    3    1    1    3
[7,]    3    3    1    4    3    4    3    3
[8,]    3    3    3    4    3    2    3    3

UDNAM, Random order:
self transition frequency: 0.276478 
average self transition probability: 0.2764785 
minimum self transition probability: 0.2283461 
fraction of time max pr > 1/2: 0.4017057 

equal neighbors: mean 61.87833  variance 66.15709 
eq
    26     27     28     29     30     31     32     33     34     35     36 
     1      2      3      1      3     10     22     59    128    276    501 
    37     38     39     40     41     42     43     44     45     46     47 
  1009   1844   3151   5348   8941  14537  22710  34409  51194  72800  99920 
    48     49     50     51     52     53     54     55     56     57     58 
134172 173569 221136 273163 328800 385947 445718 499434 549258 592196 623075 
    59     60     61     62     63     64     65     66     67     68     69 
648512 656523 657090 646068 624640 592562 555340 512226 466615 419736 373590 
    70     71     72     73     74     75     76     77     78     79     80 
329976 285783 246641 210818 178575 150172 125361 103250  85218  70362  58362 
    81     82     83     84     85     86     87     88     89     90     91 
 47232  38697  31286  25644  20816  17584  14699  11774   9633   7764   6444 
    92     93     94     95     96     97     98     99    100    101    102 
  5165   4204   3335   2723   2324   1906   1702   1237   1171    786    638 
   103    104    105    106    107    108    109    110    111    112    113 
   564    453    319    293    181    184    107    110     45    114      4 
   114    115    116    118    120 
    37     27     27     11      3 

count of 1 values: mean 16.01321  variance 64.83352 

sum sq counts: mean 1285.922  variance 54770.05 

final counts: 10 12 20 22 

    user   system  elapsed 
1560.922    1.636 1562.585 
     [,1] [,2] [,3] [,4] [,5] [,6] [,7] [,8]
[1,]    4    4    2    2    4    1    4    4
[2,]    4    2    3    3    3    1    4    4
[3,]    4    2    4    3    3    4    4    3
[4,]    4    2    4    2    1    4    4    3
[5,]    1    4    3    3    4    3    3    3
[6,]    3    2    1    3    3    3    2    3
[7,]    2    2    2    1    3    4    3    3
[8,]    4    4    2    1    4    1    1    1

UDNAM, Random order x4:
self transition frequency: 0.2769643 
average self transition probability: 0.2770009 
minimum self transition probability: 0.2289215 
fraction of time max pr > 1/2: 0.4025619 

equal neighbors: mean 61.93286  variance 66.4551 
eq
    27     28     30     31     32     33     34     35     36     37     38 
     1      2      2      3     11     39     96    249    483    912   1679 
    39     40     41     42     43     44     45     46     47     48     49 
  3184   5747   9301  14740  22578  34347  50433  72067  98874 131597 171037 
    50     51     52     53     54     55     56     57     58     59     60 
217318 270568 325433 382811 441077 495230 546319 589413 623485 647462 658376 
    61     62     63     64     65     66     67     68     69     70     71 
659245 646571 623009 594507 558447 515896 470958 423299 376515 330287 285832 
    72     73     74     75     76     77     78     79     80     81     82 
247163 210969 177494 149787 125909 105479  86799  71595  59117  47832  38728 
    83     84     85     86     87     88     89     90     91     92     93 
 32804  26673  22322  17711  14666  12206   9652   8193   6245   5239   4078 
    94     95     96     97     98     99    100    101    102    103    104 
  3708   2767   2305   1964   1524   1376   1226    935    903    752    599 
   105    106    107    108    109    110    111    112    113    114    115 
   369    307    259    254    197     91     80     62     29     54      2 
   116    117    118    120    121    122    124 
    53     10     10     46     11      1      5 

count of 1 values: mean 16.02251  variance 66.122 

sum sq counts: mean 1288.408  variance 56307.6 

final counts: 16 16 26 6 

    user   system  elapsed 
1561.231    1.700 1562.957 
     [,1] [,2] [,3] [,4] [,5] [,6] [,7] [,8]
[1,]    3    1    2    1    2    2    2    4
[2,]    1    2    3    3    2    3    2    2
[3,]    1    1    3    3    3    1    1    1
[4,]    1    4    3    2    3    4    1    3
[5,]    1    1    3    3    3    3    1    1
[6,]    2    2    3    4    1    3    3    2
[7,]    3    2    3    3    1    4    2    3
[8,]    3    3    3    3    2    4    2    3

ZDNAM, Random:
self transition frequency: 0.2286392 
average self transition probability: 0.2286928 
minimum self transition probability: 0.2287124 
fraction of time max pr > 1/2: 0.4021419 

equal neighbors: mean 61.91945  variance 66.30253 
eq
    27     28     30     31     32     33     34     35     36     37     38 
     1      1      5      7     19     46     91    181    416    874   1675 
    39     40     41     42     43     44     45     46     47     48     49 
  3045   5417   8963  14686  22286  34486  49974  71216  98403 131466 172385 
    50     51     52     53     54     55     56     57     58     59     60 
218809 271693 325940 385107 442729 496569 547723 590111 624923 648250 659626 
    61     62     63     64     65     66     67     68     69     70     71 
658258 646455 624852 593589 555966 512401 467741 421926 375148 330486 285961 
    72     73     74     75     76     77     78     79     80     81     82 
247490 212121 179336 151360 125376 104934  87383  71877  58829  47124  39005 
    83     84     85     86     87     88     89     90     91     92     93 
 32044  25605  21507  17150  14082  11889   9666   7888   6503   4975   4298 
    94     95     96     97     98     99    100    101    102    103    104 
  3510   2831   2403   2061   1622   1211   1061    882    733    543    471 
   105    106    107    108    109    110    111    112    113    114    115 
   519    302    282    255    166    115    117    115    113     48     30 
   116    117    118    119    120    122    124 
    80     45     24     24     47     13     29 

count of 1 values: mean 16.05721  variance 66.10262 

sum sq counts: mean 1287.188  variance 55409.72 

final counts: 42 1 13 8 

   user  system elapsed 
749.963   1.384 751.386 
     [,1] [,2] [,3] [,4] [,5] [,6] [,7] [,8]
[1,]    3    1    1    1    1    1    1    1
[2,]    3    1    1    1    1    1    1    3
[3,]    4    2    1    1    1    1    1    4
[4,]    3    1    1    1    1    1    4    4
[5,]    3    1    1    1    1    4    4    4
[6,]    1    3    3    3    1    1    1    3
[7,]    3    3    3    1    1    1    1    1
[8,]    4    3    1    1    1    1    1    1

ZDNAM, Sequential:
self transition frequency: 0.2291527 
average self transition probability: 0.2290632 
minimum self transition probability: 0.2290395 
fraction of time max pr > 1/2: 0.4027163 

equal neighbors: mean 61.94736  variance 66.71202 
eq
    26     27     28     29     30     31     32     33     34     35     36 
     1      2      3      4      2     11     21     35     65    186    454 
    37     38     39     40     41     42     43     44     45     46     47 
   960   1842   3327   5676   9473  14711  22985  34532  50314  71465  98655 
    48     49     50     51     52     53     54     55     56     57     58 
131962 172095 217652 269076 325653 382647 442636 496797 546502 589054 622160 
    59     60     61     62     63     64     65     66     67     68     69 
642157 656242 657870 645749 623928 593243 555216 514150 468738 422197 375315 
    70     71     72     73     74     75     76     77     78     79     80 
329479 288467 249444 211555 180371 151556 126836 105962  87805  73986  60546 
    81     82     83     84     85     86     87     88     89     90     91 
 49428  40171  32579  26671  21764  17576  14656  11948   9541   8367   6554 
    92     93     94     95     96     97     98     99    100    101    102 
  5303   4354   3827   2905   2248   1953   1565   1243    922    900    679 
   103    104    105    106    107    108    109    110    111    112    113 
   591    463    388    360    274    220    161    193    101     66     64 
   114    115    116    117    118    120    121    124 
    24      1     72     53     10     19      3     13 

count of 1 values: mean 16.01026  variance 66.33334 

sum sq counts: mean 1288.862  variance 56274.16 

final counts: 15 24 14 11 

   user  system elapsed 
746.675   1.484 748.188 
     [,1] [,2] [,3] [,4] [,5] [,6] [,7] [,8]
[1,]    2    2    1    1    2    3    3    1
[2,]    2    2    1    1    4    1    2    2
[3,]    4    1    1    2    2    2    2    2
[4,]    1    4    3    4    2    1    2    2
[5,]    2    2    3    4    4    1    4    2
[6,]    2    2    3    3    4    1    3    1
[7,]    2    2    3    3    3    1    4    4
[8,]    4    2    3    3    3    3    2    1

ZDNAM, Shuffled Sequential:
self transition frequency: 0.2286995 
average self transition probability: 0.2287953 
minimum self transition probability: 0.2287966 
fraction of time max pr > 1/2: 0.4023534 

equal neighbors: mean 61.91363  variance 66.52643 
eq
    25     26     29     30     31     32     33     34     35     36     37 
     1      2      2      1     10     29     52    105    225    478    902 
    38     39     40     41     42     43     44     45     46     47     48 
  1747   3037   5278   8988  14384  22873  34705  50193  71636  99363 133302 
    49     50     51     52     53     54     55     56     57     58     59 
174212 221828 274145 328700 385790 442843 498785 548125 591570 621759 643585 
    60     61     62     63     64     65     66     67     68     69     70 
655575 655802 640779 620884 590829 553970 512385 467783 422243 374974 329583 
    71     72     73     74     75     76     77     78     79     80     81 
287886 249580 212064 180933 151477 126495 105451  87608  72003  58929  48745 
    82     83     84     85     86     87     88     89     90     91     92 
 39183  32256  26275  21511  18384  14516  11708   9820   7513   6650   4764 
    93     94     95     96     97     98     99    100    101    102    103 
  4399   3585   2665   2121   1924   1545   1306   1057    884    639    460 
   104    105    106    107    108    109    110    111    112    113    114 
   514    381    316    193    193    103    176     70     80     32     38 
   115    116    117    118    120    121    124 
     9      9      4     19     25      7     33 

count of 1 values: mean 16.0063  variance 66.02757 

sum sq counts: mean 1287.535  variance 55576.53 

final counts: 19 27 8 10 

   user  system elapsed 
745.542   1.384 746.961 
     [,1] [,2] [,3] [,4] [,5] [,6] [,7] [,8]
[1,]    2    3    3    1    2    2    2    2
[2,]    2    3    3    4    1    1    3    4
[3,]    2    4    2    3    1    1    2    4
[4,]    2    2    1    1    1    1    2    2
[5,]    2    2    1    1    1    1    2    2
[6,]    4    4    2    4    1    2    2    2
[7,]    3    1    1    2    1    4    2    2
[8,]    1    1    4    3    4    2    2    2

ZDNAM, Checkerboard:
self transition frequency: 0.2289441 
average self transition probability: 0.2289888 
minimum self transition probability: 0.2289897 
fraction of time max pr > 1/2: 0.4025419 

equal neighbors: mean 61.93014  variance 66.95495 
eq
    26     28     29     30     31     32     33     34     35     36     37 
     2      1      3      5     17     30     57     93    192    436    889 
    38     39     40     41     42     43     44     45     46     47     48 
  1675   3066   5406   8830  14518  22609  34240  50284  72143  99236 132661 
    49     50     51     52     53     54     55     56     57     58     59 
174074 219865 272272 327815 385292 443693 498435 547552 590928 625134 646694 
    60     61     62     63     64     65     66     67     68     69     70 
656506 654160 644128 621955 591008 553088 511645 466684 419563 373469 327145 
    71     72     73     74     75     76     77     78     79     80     81 
286383 248081 211723 181731 151395 127412 105147  87750  72133  58896  48241 
    82     83     84     85     86     87     88     89     90     91     92 
 39609  32792  26981  22076  18024  14972  12782  10077   8532   7044   5587 
    93     94     95     96     97     98     99    100    101    102    103 
  4550   3788   3008   2552   2083   1779   1417   1174   1016    792    674 
   104    105    106    107    108    109    110    111    112    113    114 
   573    386    372    167    274     71    116     82     85     25     50 
   115    116    117    118    120    121    122 
     3     37     13     24      8     12      3 

count of 1 values: mean 16.01126  variance 66.1153 

sum sq counts: mean 1288.648  variance 56518.45 

final counts: 3 5 33 23 

   user  system elapsed 
748.449   1.384 749.838 
     [,1] [,2] [,3] [,4] [,5] [,6] [,7] [,8]
[1,]    4    4    4    1    2    4    3    4
[2,]    4    4    4    1    1    3    3    4
[3,]    4    4    4    3    3    3    3    4
[4,]    4    4    3    3    3    4    3    3
[5,]    3    3    3    3    3    4    4    4
[6,]    3    3    3    3    3    3    4    4
[7,]    3    4    3    3    4    2    2    2
[8,]    3    2    3    3    3    3    3    3

ZDNAM, Random order:
self transition frequency: 0.2290672 
average self transition probability: 0.2290877 
minimum self transition probability: 0.2291266 
fraction of time max pr > 1/2: 0.4028468 

equal neighbors: mean 61.94695  variance 66.57636 
eq
    27     29     30     31     32     33     34     35     36     37     38 
     1      1      2      7     31     52    134    257    512    938   1732 
    39     40     41     42     43     44     45     46     47     48     49 
  3180   5365   9007  14640  22963  34760  50186  70755  98649 131040 171210 
    50     51     52     53     54     55     56     57     58     59     60 
218395 269998 325798 383656 441130 496393 546762 589061 622330 647346 657192 
    61     62     63     64     65     66     67     68     69     70     71 
657538 644149 624364 592309 556074 515270 467920 423308 375181 328769 286004 
    72     73     74     75     76     77     78     79     80     81     82 
246133 210793 179998 151758 127831 106914  88682  72438  60147  49340  40830 
    83     84     85     86     87     88     89     90     91     92     93 
 33647  27235  22685  17886  15454  12030  10307   7944   6688   5257   4200 
    94     95     96     97     98     99    100    101    102    103    104 
  3295   2684   2292   1821   1532   1160    988    729    644    449    423 
   105    106    107    108    109    110    111    112    113    114    115 
   255    271    227    139     83    139     57     58     33     20     11 
   116    117    118    119    120    121    122    124 
    43     16      9     10     14      5     10     17 

count of 1 values: mean 16.07411  variance 67.00262 

sum sq counts: mean 1288.796  variance 56136.74 

final counts: 27 6 28 3 

   user  system elapsed 
747.294   1.384 748.686 
     [,1] [,2] [,3] [,4] [,5] [,6] [,7] [,8]
[1,]    4    3    3    3    1    1    1    1
[2,]    1    3    3    3    1    2    3    3
[3,]    1    3    2    3    1    1    1    1
[4,]    1    3    3    3    3    1    3    3
[5,]    1    3    2    2    3    3    4    3
[6,]    1    3    2    4    3    1    3    3
[7,]    1    3    3    1    1    2    1    1
[8,]    1    1    3    1    3    1    1    1

ZDNAM, Random order x4:
self transition frequency: 0.2284102 
average self transition probability: 0.2285798 
minimum self transition probability: 0.2286258 
fraction of time max pr > 1/2: 0.4021677 

equal neighbors: mean 61.87713  variance 66.32298 
eq
    26     27     28     30     31     32     33     34     35     36     37 
     1      3      2      3     15     31     72    135    246    457    924 
    38     39     40     41     42     43     44     45     46     47     48 
  1756   3240   5665   9527  15179  23749  35606  51636  72818 100088 134426 
    49     50     51     52     53     54     55     56     57     58     59 
174291 221284 273088 329253 388058 445617 499025 548305 589833 624033 644857 
    60     61     62     63     64     65     66     67     68     69     70 
657140 654745 644947 620114 592093 554411 511088 465918 420624 373943 330817 
    71     72     73     74     75     76     77     78     79     80     81 
288119 246939 211234 179248 149685 125150 104529  87179  71044  58167  47603 
    82     83     84     85     86     87     88     89     90     91     92 
 38908  32518  25881  21267  17388  14300  11498   9465   7948   6127   5103 
    93     94     95     96     97     98     99    100    101    102    103 
  4115   3386   2785   2398   1680   1395   1120    999    762    553    496 
   104    105    106    107    108    109    110    111    112    113    114 
   439    294    269    186    219    161     77     53     67     65     49 
   115    116    117    118    120 
    31      8     15      7      8 

count of 1 values: mean 15.986  variance 65.80891 

sum sq counts: mean 1286.667  variance 54881.94 

final counts: 12 18 21 13 

   user  system elapsed 
746.723   1.492 748.231 
     [,1] [,2] [,3] [,4] [,5] [,6] [,7] [,8]
[1,]    1    3    3    3    3    1    4    2
[2,]    1    2    4    4    2    1    3    2
[3,]    3    3    4    4    2    1    1    2
[4,]    4    3    3    2    2    4    4    4
[5,]    1    1    2    2    2    3    3    1
[6,]    3    1    2    2    2    3    3    3
[7,]    3    1    1    2    2    3    3    3
[8,]    4    4    2    2    3    3    4    4
> 
