
R version 4.1.2 (2021-11-01) -- "Bird Hippie"
Copyright (C) 2021 The R Foundation for Statistical Computing
Platform: x86_64-pc-linux-gnu (64-bit)

R is free software and comes with ABSOLUTELY NO WARRANTY.
You are welcome to redistribute it under certain conditions.
Type 'license()' or 'licence()' for distribution details.

R is a collaborative project with many contributors.
Type 'contributors()' for more information and
'citation()' on how to cite R or R packages in publications.

Type 'demo()' for some demos, 'help()' for on-line help, or
'help.start()' for an HTML browser interface to help.
Type 'q()' to quit R.

> # DO THE 8x8 POTTS EXPERIMENTAL RUNS - SET C.
> 
> source("methods.r")
> source("scans.r")
> source("potts-8x8.r")
> source("plot.r")
> 
> rtype <- "c"
> 
> meth <- list (UNAM=trans_UNAM,
+               ZDNAM=trans_ZDNAM,
+               ST=trans_ST,
+               UDST=trans_UDST,
+               FSS=trans_FSS,
+               ZFSS=trans_ZFSS
+         )
> 
> scan <- list (Random=scan_random,
+               Sequential=scan_sequential,
+               `Shuffled Sequential`=scan_shuffled_sequential,
+               Checkerboard=scan_checkerboard,
+               `Random order`=scan_random_order,
+               `Random order x4`=scan_random_order_x4
+         )
> 
> source("potts-runs-8x8-tail.r")
Shuffle order: 57 4 39 1 34 23 43 14 18 51 33 21 53 42 46 10 7 9 15 52 37 41 25 44 58 60 55 50 54 20 6 49 36 62 40 35 28 29 26 12 59 31 8 38 24 48 32 27 22 64 2 13 30 17 11 61 3 16 56 63 45 19 47 5 

UNAM, Random:
self transition frequency: 0.3100781 
average self transition probability: 0.3093053 
minimum self transition probability: 0.2241233 
fraction of time max pr > 1/2: 0.3951953 

equal neighbors: mean 61.45591  variance 55.46543 
eq
  36   37   38   39   40   41   42   43   44   45   46   47   48   49   50   51 
   1    3   11   33   62   87  154  247  318  479  685  888 1266 1719 2223 2679 
  52   53   54   55   56   57   58   59   60   61   62   63   64   65   66   67 
3226 3740 4556 4974 5522 6155 6475 6916 6959 6870 6948 6791 6280 5646 5446 4744 
  68   69   70   71   72   73   74   75   76   77   78   79   80   81   82   83 
4155 3684 3371 2923 2289 1861 1660 1246 1066  854  629  520  386  340  282  238 
  84   85   86   87   88   89   90   91 
 131   68   70   37   32   43    5    7 

count of 1 values: mean 15.92772  variance 60.92044 

sum sq counts: mean 1270.613  variance 39477.73 

final counts: 10 25 14 15 

   user  system elapsed 
  4.922   0.000   4.922 
     [,1] [,2] [,3] [,4] [,5] [,6] [,7] [,8]
[1,]    4    4    3    4    4    3    1    4
[2,]    2    3    3    3    3    2    4    4
[3,]    4    1    1    3    3    3    4    4
[4,]    1    1    2    2    2    2    2    4
[5,]    2    1    2    2    2    2    2    2
[6,]    2    2    1    2    2    2    2    2
[7,]    2    1    3    4    4    2    1    2
[8,]    4    4    3    2    1    3    3    3

UNAM, Sequential:
self transition frequency: 0.3162109 
average self transition probability: 0.3151065 
minimum self transition probability: 0.2293964 
fraction of time max pr > 1/2: 0.4027656 

equal neighbors: mean 62.11579  variance 66.2496 
eq
  34   35   37   38   39   40   41   42   43   44   45   46   47   48   49   50 
   1    1    4    5   36   52  102  170  245  366  474  691  945 1308 1583 2098 
  51   52   53   54   55   56   57   58   59   60   61   62   63   64   65   66 
2655 3246 3764 4560 5109 5240 5689 5754 6089 6607 6472 6251 5917 6122 5499 5090 
  67   68   69   70   71   72   73   74   75   76   77   78   79   80   81   82 
4891 4418 4123 3572 3142 2633 2070 1793 1510 1565 1201 1009  735  599  529  442 
  83   84   85   86   87   88   89   90   91   92   93   94   95   96   97   99 
 341  299  195  186   95   90  100  140   33   53    9   28   23    1    8    8 
 101  105 
  12    2 

count of 1 values: mean 15.9912  variance 65.75395 

sum sq counts: mean 1283.61  variance 52863.78 

final counts: 11 31 10 12 

   user  system elapsed 
  4.756   0.000   4.756 
     [,1] [,2] [,3] [,4] [,5] [,6] [,7] [,8]
[1,]    2    3    3    1    1    2    2    2
[2,]    2    2    2    2    2    2    3    2
[3,]    2    3    3    2    2    1    3    2
[4,]    2    2    2    2    2    2    4    4
[5,]    2    2    2    2    1    1    4    2
[6,]    3    2    4    1    1    3    3    3
[7,]    4    4    4    2    1    2    4    4
[8,]    2    4    1    1    1    2    4    4

UNAM, Shuffled Sequential:
self transition frequency: 0.3137969 
average self transition probability: 0.3138328 
minimum self transition probability: 0.2288046 
fraction of time max pr > 1/2: 0.4020391 

equal neighbors: mean 61.84698  variance 68.08169 
eq
  32   34   35   36   37   38   39   40   41   42   43   44   45   46   47   48 
   1    6    3    5    8   11   23   53   95  142  241  431  609  882 1135 1465 
  49   50   51   52   53   54   55   56   57   58   59   60   61   62   63   64 
1772 2284 2544 3233 3672 4321 4965 5375 6178 6341 6618 6527 6513 6291 5992 6110 
  65   66   67   68   69   70   71   72   73   74   75   76   77   78   79   80 
5644 5264 4682 4138 3691 3037 2549 2431 2023 1763 1482 1154 1063  891  871  596 
  81   82   83   84   85   86   87   88   89   90   91   92   93   94   95   96 
 548  478  425  249  239  238  118   93   52   67   31   47   58   36   42   15 
  97   98   99  100  101  102  103  104  105  106  107 
  34   13    9   10    8   19    6    7   15    7   11 

count of 1 values: mean 16.02292  variance 66.56929 

sum sq counts: mean 1290.019  variance 57860.78 

final counts: 8 12 18 26 

   user  system elapsed 
  4.738   0.000   4.737 
     [,1] [,2] [,3] [,4] [,5] [,6] [,7] [,8]
[1,]    3    3    4    4    3    3    3    2
[2,]    3    3    4    4    2    4    3    3
[3,]    4    1    4    4    1    1    3    4
[4,]    3    3    4    4    4    1    1    1
[5,]    4    2    4    1    4    4    2    4
[6,]    3    2    3    2    3    4    2    3
[7,]    4    2    4    2    4    2    2    4
[8,]    4    4    4    4    3    3    2    1

UNAM, Checkerboard:
self transition frequency: 0.3104453 
average self transition probability: 0.3113335 
minimum self transition probability: 0.2269366 
fraction of time max pr > 1/2: 0.4003281 

equal neighbors: mean 61.72573  variance 61.86794 
eq
  34   35   36   37   38   39   40   41   42   43   44   45   46   47   48   49 
   2    2    1    1   15   47   69   71  169  241  364  484  715  918 1350 1731 
  50   51   52   53   54   55   56   57   58   59   60   61   62   63   64   65 
2229 2573 3153 3620 4345 4866 5585 6127 6559 7024 7122 6850 6509 6206 5790 5624 
  66   67   68   69   70   71   72   73   74   75   76   77   78   79   80   81 
5268 4873 3931 3711 3198 2675 2328 1976 1770 1448 1212 1070  916  728  504  472 
  82   83   84   85   86   87   88   89   90   91   92   93   94   95   96   97 
 275  277  183  142  159  108  117   83   61   59   12   19   12   28    9    6 
  98   99  100 
   1    3    4 

count of 1 values: mean 16.00893  variance 66.22662 

sum sq counts: mean 1282.227  variance 50178.55 

final counts: 7 10 31 16 

   user  system elapsed 
  4.738   0.000   4.739 
     [,1] [,2] [,3] [,4] [,5] [,6] [,7] [,8]
[1,]    4    3    3    3    3    3    1    4
[2,]    3    3    2    3    1    1    1    1
[3,]    4    4    1    3    3    3    2    4
[4,]    4    3    3    3    3    4    4    4
[5,]    4    3    3    3    3    4    4    4
[6,]    4    4    3    2    3    2    2    4
[7,]    3    3    3    3    3    2    2    2
[8,]    3    3    3    3    3    1    2    2

UNAM, Random order:
self transition frequency: 0.3100781 
average self transition probability: 0.310679 
minimum self transition probability: 0.2250637 
fraction of time max pr > 1/2: 0.3966484 

equal neighbors: mean 61.54594  variance 64.83551 
eq
  33   34   35   36   37   38   39   40   41   42   43   44   45   46   47   48 
   2    3    4    7    7   12   39   61  110  154  262  422  610  778 1041 1381 
  49   50   51   52   53   54   55   56   57   58   59   60   61   62   63   64 
1826 2413 2894 3537 4141 4693 4960 5638 5785 6316 6328 6672 6726 6474 6131 5690 
  65   66   67   68   69   70   71   72   73   74   75   76   77   78   79   80 
5812 5153 4768 4038 3813 2999 2650 2450 1825 1652 1158 1212  952  837  685  633 
  81   82   83   84   85   86   87   88   89   90   91   92   93   94   95   96 
 452  337  309  261  205  144  104  129   31   44   33   21   21   18   29    8 
  97   98   99  100  101  102  103  104  105  106  107  109  110 
  13   12    7    1    3    5    6    6    1    5   22    5   14 

count of 1 values: mean 15.39945  variance 61.06121 

sum sq counts: mean 1274.588  variance 52877.15 

final counts: 13 26 21 4 

   user  system elapsed 
   4.71    0.00    4.71 
     [,1] [,2] [,3] [,4] [,5] [,6] [,7] [,8]
[1,]    2    2    1    1    2    3    2    2
[2,]    2    1    2    1    2    1    2    2
[3,]    3    3    2    3    2    4    2    3
[4,]    4    3    3    3    3    1    2    3
[5,]    1    3    3    1    3    1    4    1
[6,]    2    3    3    1    1    2    2    1
[7,]    2    2    4    2    2    3    3    3
[8,]    2    2    2    3    2    2    3    3

UNAM, Random order x4:
self transition frequency: 0.3073203 
average self transition probability: 0.3090378 
minimum self transition probability: 0.2245541 
fraction of time max pr > 1/2: 0.3965703 

equal neighbors: mean 61.41398  variance 60.46893 
eq
  32   33   34   35   36   37   38   39   40   41   42   43   44   45   46   47 
   3    2    9    4   11   20   23   42   50   96  137  256  373  583  773 1167 
  48   49   50   51   52   53   54   55   56   57   58   59   60   61   62   63 
1460 1875 2310 2910 3252 3937 4667 5029 5913 5840 6051 6536 6567 6894 6655 6400 
  64   65   66   67   68   69   70   71   72   73   74   75   76   77   78   79 
6015 5507 5346 4859 4135 3611 3202 2788 2284 2081 1548 1403 1114  931  687  564 
  80   81   82   83   84   85   86   87   88   89   90   91   92   93   94   95 
 431  401  275  197  171  136   76  109   76   93   12   29   29   20    2    3 
  96   97   98 
  13    2    5 

count of 1 values: mean 15.4043  variance 60.30678 

sum sq counts: mean 1272.429  variance 42414.54 

final counts: 31 12 9 12 

   user  system elapsed 
  4.698   0.000   4.697 
     [,1] [,2] [,3] [,4] [,5] [,6] [,7] [,8]
[1,]    4    2    2    2    2    1    1    1
[2,]    4    3    2    2    1    1    1    1
[3,]    1    1    2    2    1    1    1    1
[4,]    3    2    2    1    1    1    1    1
[5,]    2    1    4    4    1    1    4    1
[6,]    1    1    4    1    3    4    3    4
[7,]    1    1    4    1    1    3    3    4
[8,]    4    1    3    1    2    4    3    3

ZDNAM, Random:
self transition frequency: 0.2348125 
average self transition probability: 0.234239 
minimum self transition probability: 0.2339996 
fraction of time max pr > 1/2: 0.4098359 

equal neighbors: mean 62.34373  variance 67.3169 
eq
  35   36   37   38   39   40   41   42   43   44   45   46   47   48   49   50 
   3   11    7   18   35   47   69  112  176  265  455  710  905 1211 1527 1948 
  51   52   53   54   55   56   57   58   59   60   61   62   63   64   65   66 
2408 3005 3572 4283 4809 5369 5822 6232 6465 6496 6501 6456 6172 6044 5638 5222 
  67   68   69   70   71   72   73   74   75   76   77   78   79   80   81   82 
4801 4213 3905 3543 3090 2599 2291 1949 1647 1412 1032  950  744  655  535  390 
  83   84   85   86   87   88   89   90   91   92   93   94   95   96   97   98 
 454  372  255  226  172  177  130  121  101   57   73   31   40   10    7    6 
  99  100  101 
  10    1    8 

count of 1 values: mean 16.64409  variance 62.70557 

sum sq counts: mean 1292.602  variance 55834.47 

final counts: 14 29 12 9 

   user  system elapsed 
  3.248   0.000   3.247 
     [,1] [,2] [,3] [,4] [,5] [,6] [,7] [,8]
[1,]    3    1    1    2    4    3    2    3
[2,]    3    3    3    2    4    2    2    1
[3,]    3    3    3    1    2    2    2    2
[4,]    2    2    1    3    3    1    2    2
[5,]    2    2    2    4    3    2    2    4
[6,]    2    2    2    4    1    1    4    4
[7,]    2    2    1    1    1    1    4    4
[8,]    2    2    1    2    1    2    2    2

ZDNAM, Sequential:
self transition frequency: 0.2282812 
average self transition probability: 0.2283727 
minimum self transition probability: 0.2279338 
fraction of time max pr > 1/2: 0.40125 

equal neighbors: mean 62.00462  variance 65.80163 
eq
  33   35   36   37   38   39   40   41   42   43   44   45   46   47   48   49 
   1    1    2    4    5   25   48   71  107  212  309  458  608  924 1219 1681 
  50   51   52   53   54   55   56   57   58   59   60   61   62   63   64   65 
2030 2587 3223 3686 4293 5018 5709 6070 6339 6612 6654 6857 6571 6473 6129 5604 
  66   67   68   69   70   71   72   73   74   75   76   77   78   79   80   81 
5102 4882 4175 3591 3081 2727 2487 2056 1728 1334 1228 1008  831  684  586  504 
  82   83   84   85   86   87   88   89   90   91   92   93   94   95   96   97 
 361  305  300  271  195  178  164   98  107   90  117   71   39   57   32   26 
  98   99  100  101  102  103  105  106 
   9   23    7    3    3    1    4    5 

count of 1 values: mean 15.96352  variance 65.46666 

sum sq counts: mean 1293.861  variance 60128.09 

final counts: 13 21 26 4 

   user  system elapsed 
  3.185   0.000   3.185 
     [,1] [,2] [,3] [,4] [,5] [,6] [,7] [,8]
[1,]    2    2    1    2    2    2    1    4
[2,]    3    1    3    3    4    3    1    2
[3,]    3    3    3    3    3    3    3    3
[4,]    4    2    3    3    3    4    2    2
[5,]    1    1    1    3    3    2    2    3
[6,]    2    1    1    3    2    2    2    1
[7,]    3    3    3    3    2    2    2    1
[8,]    3    2    3    3    2    2    1    1

ZDNAM, Shuffled Sequential:
self transition frequency: 0.2317344 
average self transition probability: 0.2303861 
minimum self transition probability: 0.2302915 
fraction of time max pr > 1/2: 0.4047578 

equal neighbors: mean 62.08352  variance 65.57683 
eq
  34   35   36   37   38   39   40   41   42   43   44   45   46   47   48   49 
   3    1    4   10   24   42   66   97  144  233  330  520  687  910 1300 1608 
  50   51   52   53   54   55   56   57   58   59   60   61   62   63   64   65 
2093 2599 3201 3689 4141 4753 5242 5595 6156 6380 6585 6665 6349 6462 6302 6082 
  66   67   68   69   70   71   72   73   74   75   76   77   78   79   80   81 
5338 4953 4316 3945 3559 2963 2418 1972 1650 1453 1134  949  820  709  625  523 
  82   83   84   85   86   87   88   89   90   91   92   93   94   95   96   97 
 441  357  318  250  220  158  135  152   59   65   66   68   44   27   10   13 
  98   99 
   6   11 

count of 1 values: mean 15.69338  variance 62.3719 

sum sq counts: mean 1296.294  variance 55913.46 

final counts: 5 8 25 26 

   user  system elapsed 
  3.173   0.000   3.173 
     [,1] [,2] [,3] [,4] [,5] [,6] [,7] [,8]
[1,]    1    4    3    4    4    3    3    2
[2,]    3    1    1    4    4    3    3    3
[3,]    3    2    4    4    4    4    4    3
[4,]    3    4    4    4    3    4    4    3
[5,]    3    4    4    3    3    4    4    3
[6,]    3    2    3    3    3    4    3    3
[7,]    2    2    1    1    4    4    3    3
[8,]    2    2    4    4    4    4    3    2

ZDNAM, Checkerboard:
self transition frequency: 0.2299609 
average self transition probability: 0.2299293 
minimum self transition probability: 0.2301455 
fraction of time max pr > 1/2: 0.404375 

equal neighbors: mean 62.03556  variance 68.84741 
eq
  32   33   34   35   36   37   38   39   40   41   42   43   44   45   46   47 
   1    3    3    4    1    3   11   23   33   71  117  214  303  435  637  960 
  48   49   50   51   52   53   54   55   56   57   58   59   60   61   62   63 
1347 1796 2308 2852 3413 3968 4480 4956 5487 5721 6204 6377 6370 6420 6195 6069 
  64   65   66   67   68   69   70   71   72   73   74   75   76   77   78   79 
5958 5544 5122 4621 4177 3789 3449 2950 2502 2235 1809 1574 1347 1066  787  659 
  80   81   82   83   84   85   86   87   88   89   90   91   92   93   94   95 
 605  486  430  320  258  227  182  127  204  106  122  126   77   61   79   50 
  96   97   98   99  100  101  102  103  105  106  107  108  109 
  30   32   36   25   12    4   10    4    7    1    4    3    1 

count of 1 values: mean 16.5878  variance 72.52016 

sum sq counts: mean 1293.513  variance 55936.5 

final counts: 26 9 18 11 

   user  system elapsed 
  3.210   0.000   3.209 
     [,1] [,2] [,3] [,4] [,5] [,6] [,7] [,8]
[1,]    1    2    4    4    2    3    2    1
[2,]    1    1    3    3    3    3    4    1
[3,]    1    1    3    4    4    4    3    3
[4,]    1    1    1    3    4    3    3    3
[5,]    1    1    1    1    4    3    3    1
[6,]    1    2    2    2    1    1    1    1
[7,]    4    2    2    3    1    1    1    3
[8,]    4    4    3    3    2    1    1    1

ZDNAM, Random order:
self transition frequency: 0.2213828 
average self transition probability: 0.2232491 
minimum self transition probability: 0.2237326 
fraction of time max pr > 1/2: 0.3947734 

equal neighbors: mean 61.49384  variance 62.57626 
eq
  32   33   34   35   36   37   38   39   40   41   42   43   44   45   46   47 
   1    3    2    6    6    6    8   20   33   62  119  207  319  493  629  925 
  48   49   50   51   52   53   54   55   56   57   58   59   60   61   62   63 
1316 1784 2294 2843 3449 4106 4868 5412 5909 6394 6764 6929 6956 6741 6411 5933 
  64   65   66   67   68   69   70   71   72   73   74   75   76   77   78   79 
5559 5363 5097 4629 3954 3641 3086 2591 2142 1832 1538 1274 1092  857  735  704 
  80   81   82   83   84   85   86   87   88   89   90   91   92   93   94   95 
 522  465  395  325  253  251  158  134   98   70   52   38   33   26   23   19 
  96   97   98   99  100  101  102  103  104  105  106 
  19    8   13   18   16    6    6    1    3    1    5 

count of 1 values: mean 16.49512  variance 64.78379 

sum sq counts: mean 1277.945  variance 50634.19 

final counts: 9 18 15 22 

   user  system elapsed 
  3.204   0.000   3.204 
     [,1] [,2] [,3] [,4] [,5] [,6] [,7] [,8]
[1,]    3    3    3    3    4    4    3    3
[2,]    4    4    3    2    1    4    4    3
[3,]    4    2    2    3    2    4    4    4
[4,]    2    2    2    3    3    1    3    3
[5,]    2    2    2    4    1    4    4    4
[6,]    2    2    2    2    3    3    1    1
[7,]    2    1    2    2    4    4    4    4
[8,]    2    1    1    1    4    4    4    4

ZDNAM, Random order x4:
self transition frequency: 0.2229687 
average self transition probability: 0.2234048 
minimum self transition probability: 0.2241322 
fraction of time max pr > 1/2: 0.3962031 

equal neighbors: mean 61.3322  variance 61.99873 
eq
  32   33   34   35   36   37   38   39   40   41   42   43   44   45   46   47 
   1    1    6    5   14   11   32   46   72  103  147  216  374  548  789 1032 
  48   49   50   51   52   53   54   55   56   57   58   59   60   61   62   63 
1490 1945 2340 2849 3550 4198 4907 5409 6016 6162 6339 6474 6684 6574 6395 6285 
  64   65   66   67   68   69   70   71   72   73   74   75   76   77   78   79 
5720 5262 4921 4402 3911 3614 3135 2782 2448 1928 1699 1448 1185  928  853  618 
  80   81   82   83   84   85   86   87   88   89   90   91   92   93   94   95 
 493  340  324  180  154  103  107   75   62   65   49   41   22   35   31    8 
  96   97   98  101 
  18   16    5    4 

count of 1 values: mean 15.9803  variance 63.6082 

sum sq counts: mean 1271.749  variance 46933.45 

final counts: 33 12 11 8 

   user  system elapsed 
   3.19    0.00    3.19 
     [,1] [,2] [,3] [,4] [,5] [,6] [,7] [,8]
[1,]    3    3    2    2    3    2    3    1
[2,]    2    1    2    1    1    1    1    1
[3,]    1    3    2    1    1    1    1    1
[4,]    1    1    4    4    4    1    1    1
[5,]    1    1    3    1    1    4    2    3
[6,]    4    2    2    2    1    1    2    4
[7,]    1    1    3    2    3    1    1    1
[8,]    1    3    1    4    3    4    1    1

ST, Random:
self transition frequency: 0.2341719 
average self transition probability: 0.2340578 
minimum self transition probability: 0.2335581 
fraction of time max pr > 1/2: 0.4092188 

equal neighbors: mean 62.40245  variance 74.94972 
eq
  34   35   36   37   38   39   40   41   42   43   44   45   46   47   48   49 
   2    6    5    9   17   28   48   79  130  204  289  469  698 1021 1394 1776 
  50   51   52   53   54   55   56   57   58   59   60   61   62   63   64   65 
2235 2737 3161 3713 4256 4788 5294 5636 5842 6233 6370 6335 6316 6048 5719 5418 
  66   67   68   69   70   71   72   73   74   75   76   77   78   79   80   81 
5057 4648 4241 3816 3496 3031 2578 2332 2058 1732 1290 1177  871  808  612  564 
  82   83   84   85   86   87   88   89   90   91   92   93   94   95   96   97 
 524  357  339  312  291  233  197  184  200  146  108  142   68   63   35   43 
  98   99  100  101  102  103  104  105  107  108  109  110  111  112  115 
  26   34   21    8   23   17    4    6    8    3    1    1   10    8    1 

count of 1 values: mean 16.31004  variance 73.67985 

sum sq counts: mean 1311.573  variance 74519.02 

final counts: 4 25 24 11 

   user  system elapsed 
  3.424   0.000   3.425 
     [,1] [,2] [,3] [,4] [,5] [,6] [,7] [,8]
[1,]    2    2    2    1    4    3    2    3
[2,]    2    2    2    2    4    1    4    3
[3,]    4    2    2    2    2    1    4    4
[4,]    2    3    3    2    2    2    3    3
[5,]    3    3    2    2    2    2    3    3
[6,]    2    3    3    3    3    4    2    3
[7,]    4    4    3    1    3    3    4    3
[8,]    2    2    3    3    3    3    4    2

ST, Sequential:
self transition frequency: 0.2289063 
average self transition probability: 0.2291235 
minimum self transition probability: 0.2291082 
fraction of time max pr > 1/2: 0.4025 

equal neighbors: mean 61.87794  variance 68.67326 
eq
  33   34   36   37   38   39   40   41   42   43   44   45   46   47   48   49 
   2    3    7    5   16   50   54   89  147  212  342  516  831 1127 1521 2029 
  50   51   52   53   54   55   56   57   58   59   60   61   62   63   64   65 
2299 2821 3404 4003 4397 5051 5486 5866 5991 6238 6431 6433 6392 5775 5684 5294 
  66   67   68   69   70   71   72   73   74   75   76   77   78   79   80   81 
4855 4698 3834 3663 3256 2942 2548 2316 1982 1704 1386 1255 1007  764  612  602 
  82   83   84   85   86   87   88   89   90   91   92   93   94   95   96   97 
 396  394  266  201  146  131  127   96   58   65   36   27   23   21   29   10 
  98   99  100  101  102  103  105 
   2    4   16    5    4    2    1 

count of 1 values: mean 15.44866  variance 59.30498 

sum sq counts: mean 1285.468  variance 56514.75 

final counts: 15 27 8 14 

   user  system elapsed 
  3.452   0.000   3.453 
     [,1] [,2] [,3] [,4] [,5] [,6] [,7] [,8]
[1,]    1    1    1    1    1    2    2    2
[2,]    3    2    2    1    1    2    2    2
[3,]    1    4    4    4    4    2    2    2
[4,]    2    4    3    4    4    4    2    2
[5,]    2    2    2    4    4    2    2    2
[6,]    2    2    1    4    4    2    4    3
[7,]    3    1    1    3    3    2    2    3
[8,]    1    3    1    1    1    2    2    4

ST, Shuffled Sequential:
self transition frequency: 0.2308984 
average self transition probability: 0.2300235 
minimum self transition probability: 0.2298642 
fraction of time max pr > 1/2: 0.4033438 

equal neighbors: mean 62.16891  variance 70.34752 
eq
  31   32   33   34   35   36   37   38   39   40   41   42   43   44   45   46 
   1    2    2    2    3    9   11   23   36   71   94  180  245  385  539  751 
  47   48   49   50   51   52   53   54   55   56   57   58   59   60   61   62 
1077 1366 1709 2173 2604 3102 3620 4116 4614 5317 5708 6292 6518 6532 6517 6320 
  63   64   65   66   67   68   69   70   71   72   73   74   75   76   77   78 
6345 5876 5499 5048 4432 4150 3722 3371 3047 2569 2356 1977 1496 1304 1178  981 
  79   80   81   82   83   84   85   86   87   88   89   90   91   92   93   94 
 851  683  575  511  458  322  282  205  155  144  122   50   70   36   21   31 
  95   96   97   98   99  100  101  102  103  104  105  107  108  109  110  112 
  15   23   25   19   18    5   19    6    1    3    7    5    5    7   20    3 
 114 
  13 

count of 1 values: mean 15.5003  variance 66.66418 

sum sq counts: mean 1295.162  variance 58335.6 

final counts: 7 11 35 11 

   user  system elapsed 
  3.428   0.000   3.427 
     [,1] [,2] [,3] [,4] [,5] [,6] [,7] [,8]
[1,]    4    4    4    3    4    2    3    3
[2,]    2    1    3    3    1    2    1    1
[3,]    2    2    2    3    3    3    4    3
[4,]    3    2    3    3    3    3    3    3
[5,]    3    3    3    3    3    3    3    3
[6,]    3    2    4    4    1    3    3    3
[7,]    2    3    4    4    1    3    1    3
[8,]    3    3    2    2    3    4    4    3

ST, Checkerboard:
self transition frequency: 0.2274453 
average self transition probability: 0.227257 
minimum self transition probability: 0.2274267 
fraction of time max pr > 1/2: 0.4010078 

equal neighbors: mean 61.71891  variance 64.68246 
eq
  32   33   34   36   37   38   39   40   41   42   43   44   45   46   47   48 
   1    1    1    4   10   14   31   68   84  156  254  363  517  827 1015 1301 
  49   50   51   52   53   54   55   56   57   58   59   60   61   62   63   64 
1702 2082 2710 3338 4033 4509 5089 5472 6198 6553 6739 6758 6618 6460 6089 5866 
  65   66   67   68   69   70   71   72   73   74   75   76   77   78   79   80 
5522 5134 4665 4079 3595 3058 2596 2347 2040 1673 1496 1208  996  904  714  602 
  81   82   83   84   85   86   87   88   89   90   91   92   93   94   95   96 
 441  398  359  309  200  172  132  124   98   96   57   23   22   23   14    4 
  97   98  100  102 
  14    3   15    4 

count of 1 values: mean 15.7372  variance 62.5988 

sum sq counts: mean 1281.523  variance 50596.45 

final counts: 16 15 13 20 

   user  system elapsed 
  3.455   0.000   3.455 
     [,1] [,2] [,3] [,4] [,5] [,6] [,7] [,8]
[1,]    1    3    1    4    4    3    4    4
[2,]    1    4    3    4    1    1    4    1
[3,]    1    4    2    2    1    1    2    3
[4,]    2    3    2    2    2    3    3    4
[5,]    3    2    2    2    2    4    1    3
[6,]    2    4    4    2    2    4    1    1
[7,]    1    3    4    4    2    4    3    1
[8,]    3    1    1    4    4    4    4    3

ST, Random order:
self transition frequency: 0.227875 
average self transition probability: 0.2269346 
minimum self transition probability: 0.2265962 
fraction of time max pr > 1/2: 0.3990234 

equal neighbors: mean 61.82775  variance 63.35731 
eq
  31   32   33   34   35   36   37   38   39   40   41   42   43   44   45   46 
   1    1    1    5    5    3    2    3    7   21   56  119  174  312  473  749 
  47   48   49   50   51   52   53   54   55   56   57   58   59   60   61   62 
1074 1359 1689 2245 2760 3274 3970 4403 4964 5553 5826 6278 6746 6634 6820 6452 
  63   64   65   66   67   68   69   70   71   72   73   74   75   76   77   78 
6164 5844 5494 5008 4719 4073 3790 3399 2885 2503 2154 1698 1499 1266 1064  895 
  79   80   81   82   83   84   85   86   87   88   89   90   91   92   93   94 
 633  609  534  384  239  268  202  194  115   98   65   81   34   24   33   21 
  95   96   97   99 
  23    2    6    1 

count of 1 values: mean 16.17661  variance 59.83265 

sum sq counts: mean 1274.066  variance 47467.77 

final counts: 14 12 22 16 

   user  system elapsed 
  3.435   0.000   3.435 
     [,1] [,2] [,3] [,4] [,5] [,6] [,7] [,8]
[1,]    4    3    3    3    3    1    2    3
[2,]    3    3    3    3    3    3    3    3
[3,]    3    3    4    4    3    3    3    2
[4,]    1    3    4    2    3    4    1    2
[5,]    4    4    4    4    1    1    1    1
[6,]    4    4    4    4    2    2    2    2
[7,]    1    4    4    4    2    2    1    1
[8,]    3    1    2    2    3    1    1    1

ST, Random order x4:
self transition frequency: 0.2345547 
average self transition probability: 0.233932 
minimum self transition probability: 0.233579 
fraction of time max pr > 1/2: 0.4091328 

equal neighbors: mean 62.43846  variance 68.21337 
eq
  36   37   38   39   40   41   42   43   44   45   46   47   48   49   50   51 
   3   14   34   37   47   70  105  168  277  389  612  869 1180 1615 2006 2547 
  52   53   54   55   56   57   58   59   60   61   62   63   64   65   66   67 
3080 3551 4155 4693 5154 5700 5844 6220 6555 6630 6612 6371 6080 5659 5392 4859 
  68   69   70   71   72   73   74   75   76   77   78   79   80   81   82   83 
4196 3814 3564 3022 2659 2344 1863 1674 1452 1248 1097  873  702  514  454  350 
  84   85   86   87   88   89   90   91   92   93   94   95   96   97   98   99 
 381  205  193  106   85   97   73   61   67   70   60   25   39   15   41   12 
 100  101  102  103  104  106  107  108 
  40    8   28   14   14    3    3    6 

count of 1 values: mean 16.41933  variance 74.53998 

sum sq counts: mean 1304.24  variance 63454.82 

final counts: 9 25 13 17 

   user  system elapsed 
  3.422   0.000   3.422 
     [,1] [,2] [,3] [,4] [,5] [,6] [,7] [,8]
[1,]    4    2    4    1    3    2    4    4
[2,]    2    2    4    4    2    2    4    4
[3,]    2    2    1    3    3    2    4    4
[4,]    2    1    1    3    3    3    4    2
[5,]    2    4    4    2    2    2    2    1
[6,]    2    2    4    1    2    3    2    2
[7,]    1    2    4    3    3    3    2    3
[8,]    1    1    4    3    3    2    2    4

UDST, Random:
self transition frequency: 0.2256641 
average self transition probability: 0.2272721 
minimum self transition probability: 0.227835 
fraction of time max pr > 1/2: 0.4015781 

equal neighbors: mean 61.74342  variance 63.9596 
eq
  32   33   34   35   36   37   38   39   40   41   42   43   44   45   46   47 
   3    3    3   11   10   13   22   39   43   73  116  220  363  554  766 1028 
  48   49   50   51   52   53   54   55   56   57   58   59   60   61   62   63 
1372 1757 2142 2716 3054 3631 4362 4880 5522 6143 6543 6818 6732 6846 6622 6372 
  64   65   66   67   68   69   70   71   72   73   74   75   76   77   78   79 
6128 5808 5330 4786 4144 3633 3070 2605 2232 1954 1555 1271 1191  987  770  662 
  80   81   82   83   84   85   86   87   88   89   90   91   92   93   94   95 
 531  450  403  273  240  202  140  164  112  144   88   93   81   40   49   41 
  96   97   98   99 
  25    8    8    3 

count of 1 values: mean 16.13692  variance 63.14501 

sum sq counts: mean 1289.316  variance 55645.43 

final counts: 30 6 13 15 

   user  system elapsed 
  8.023   0.001   8.024 
     [,1] [,2] [,3] [,4] [,5] [,6] [,7] [,8]
[1,]    1    1    3    1    1    3    1    4
[2,]    1    1    1    4    4    4    1    4
[3,]    3    1    2    1    3    3    3    1
[4,]    3    1    1    4    4    4    4    1
[5,]    3    1    1    1    2    4    4    1
[6,]    1    1    2    3    2    3    1    1
[7,]    1    2    2    3    4    3    1    1
[8,]    1    1    3    4    4    4    1    1

UDST, Sequential:
self transition frequency: 0.2304453 
average self transition probability: 0.2305461 
minimum self transition probability: 0.2304694 
fraction of time max pr > 1/2: 0.4046719 

equal neighbors: mean 61.86502  variance 66.25003 
eq
  32   33   34   36   37   38   39   40   41   42   43   44   45   46   47   48 
   1    1    3    8   10   15   32   56   88  153  211  340  473  668  953 1374 
  49   50   51   52   53   54   55   56   57   58   59   60   61   62   63   64 
1629 2321 2868 3372 4036 4592 4993 5538 5868 6092 6274 6616 6661 6589 6157 5966 
  65   66   67   68   69   70   71   72   73   74   75   76   77   78   79   80 
5641 5002 4744 4021 3549 3006 2799 2415 2281 1810 1538 1311 1004  804  728  613 
  81   82   83   84   85   86   87   88   89   90   91   92   93   94   95   96 
 503  509  367  300  244  159  178  104   86   59   52   29   52   20   35   13 
  97   98   99  100  102 
   4    8   11   33   10 

count of 1 values: mean 15.92206  variance 71.22776 

sum sq counts: mean 1292.758  variance 55136.18 

final counts: 34 18 7 5 

   user  system elapsed 
  7.873   0.004   7.876 
     [,1] [,2] [,3] [,4] [,5] [,6] [,7] [,8]
[1,]    2    2    4    1    4    2    2    1
[2,]    4    1    4    1    2    2    1    1
[3,]    1    1    1    1    1    1    1    3
[4,]    1    1    1    1    1    1    1    1
[5,]    1    1    1    1    1    1    1    1
[6,]    1    3    1    3    1    3    3    2
[7,]    2    2    2    2    2    2    3    2
[8,]    2    2    4    2    2    3    1    1

UDST, Shuffled Sequential:
self transition frequency: 0.2272812 
average self transition probability: 0.22821 
minimum self transition probability: 0.2281872 
fraction of time max pr > 1/2: 0.4017734 

equal neighbors: mean 61.82366  variance 64.49443 
eq
  34   35   36   37   38   39   40   41   42   43   44   45   46   47   48   49 
   3    3    5    5   11   18   42   89  152  215  370  523  716  980 1266 1626 
  50   51   52   53   54   55   56   57   58   59   60   61   62   63   64   65 
2149 2813 3258 3897 4446 5141 5663 6103 6403 6544 6604 6585 6456 6227 6092 5478 
  66   67   68   69   70   71   72   73   74   75   76   77   78   79   80   81 
5071 4459 3988 3387 3223 2753 2692 2115 1888 1596 1295 1067  882  697  639  447 
  82   83   84   85   86   87   88   89   90   91   92   93   94   95   96   97 
 449  253  263  160  154  207   94  104   47   47   37   14   14   27   12   12 
  98   99  100  101  102  103  104 
   6    9    1    1    5    1    1 

count of 1 values: mean 15.80814  variance 64.52433 

sum sq counts: mean 1285.821  variance 51021.51 

final counts: 14 18 9 23 

   user  system elapsed 
  7.872   0.000   7.873 
     [,1] [,2] [,3] [,4] [,5] [,6] [,7] [,8]
[1,]    2    4    4    4    4    2    4    3
[2,]    3    4    4    4    1    4    1    3
[3,]    4    4    4    3    4    4    1    3
[4,]    4    4    4    2    2    2    1    4
[5,]    1    2    2    2    2    2    3    4
[6,]    2    2    2    2    3    3    3    4
[7,]    1    2    1    4    2    2    1    1
[8,]    1    1    1    1    2    4    4    1

UDST, Checkerboard:
self transition frequency: 0.2292266 
average self transition probability: 0.2284206 
minimum self transition probability: 0.2283268 
fraction of time max pr > 1/2: 0.4011484 

equal neighbors: mean 61.98287  variance 71.43262 
eq
  33   34   35   37   38   39   40   41   42   43   44   45   46   47   48   49 
   1    1    1    5    9   25   50   97  183  305  425  599  758 1107 1480 1742 
  50   51   52   53   54   55   56   57   58   59   60   61   62   63   64   65 
2186 2641 3184 3667 4362 4965 5596 5942 6192 6531 6347 6419 6162 6171 5718 5522 
  66   67   68   69   70   71   72   73   74   75   76   77   78   79   80   81 
5020 4480 4274 3954 3461 3010 2540 2275 1923 1583 1236 1018  849  689  518  426 
  82   83   84   85   86   87   88   89   90   91   92   93   94   95   96   97 
 327  278  224  190  116  141  127  110  106   72   60   66   60   34   75   28 
  98   99  100  101  102  103  104  105  106  107  108  109  110  111  115 
  23   32   44   23   24   23   36   29   31   20    4   16    8   21    3 

count of 1 values: mean 15.79601  variance 73.00029 

sum sq counts: mean 1296.06  variance 65398.45 

final counts: 9 28 10 17 

   user  system elapsed 
  7.955   0.000   7.955 
     [,1] [,2] [,3] [,4] [,5] [,6] [,7] [,8]
[1,]    4    4    1    4    3    3    2    1
[2,]    2    4    4    4    2    4    2    1
[3,]    1    4    2    2    1    4    2    2
[4,]    1    2    2    4    4    2    2    2
[5,]    2    2    2    2    3    3    3    3
[6,]    2    2    2    2    2    2    4    3
[7,]    3    4    2    4    1    1    2    2
[8,]    4    3    1    4    4    2    2    3

UDST, Random order:
self transition frequency: 0.2306094 
average self transition probability: 0.2309686 
minimum self transition probability: 0.2306861 
fraction of time max pr > 1/2: 0.4046953 

equal neighbors: mean 62.14362  variance 71.55394 
eq
  33   34   35   36   37   38   39   40   41   42   43   44   45   46   47   48 
   4    4    2   12   14   36   49   96  131  203  335  430  616  792  986 1323 
  49   50   51   52   53   54   55   56   57   58   59   60   61   62   63   64 
1694 2137 2618 2981 3563 4147 4681 5189 5911 6116 6394 6356 6677 6476 6287 6086 
  65   66   67   68   69   70   71   72   73   74   75   76   77   78   79   80 
5632 5187 4626 4187 3717 3160 2736 2412 2102 2011 1687 1379 1183 1005  682  608 
  81   82   83   84   85   86   87   88   89   90   91   92   93   94   95   96 
 559  411  380  318  312  232  222  131  198  102   74   64   64   47   34   28 
  97   98   99  100  101  102  103  104  105  106  109 
  31   43   13   23   18    7    2    9   14    3    1 

count of 1 values: mean 15.79543  variance 66.23139 

sum sq counts: mean 1298.065  variance 62849.88 

final counts: 8 16 27 13 

   user  system elapsed 
  7.798   0.000   7.798 
     [,1] [,2] [,3] [,4] [,5] [,6] [,7] [,8]
[1,]    3    2    3    2    3    1    2    2
[2,]    4    1    3    3    3    3    4    2
[3,]    3    3    3    3    3    3    3    2
[4,]    4    4    3    3    3    3    1    1
[5,]    3    3    1    1    2    3    3    4
[6,]    1    3    3    4    4    3    3    4
[7,]    2    1    4    4    4    3    2    2
[8,]    2    2    2    4    4    2    2    2

UDST, Random order x4:
self transition frequency: 0.2231875 
average self transition probability: 0.2239372 
minimum self transition probability: 0.2241782 
fraction of time max pr > 1/2: 0.39525 

equal neighbors: mean 61.57738  variance 63.86171 
eq
  34   35   36   37   38   39   40   41   42   43   44   45   46   47   48   49 
   1    2    8    6   21   31   54   84  148  245  314  499  741 1035 1456 1774 
  50   51   52   53   54   55   56   57   58   59   60   61   62   63   64   65 
2390 2930 3464 4191 4746 5274 5691 6077 6235 6540 6598 6528 6359 6023 5779 5547 
  66   67   68   69   70   71   72   73   74   75   76   77   78   79   80   81 
5005 4563 4042 3551 3015 2754 2327 2007 1716 1494 1187 1069  949  722  643  458 
  82   83   84   85   86   87   88   89   90   91   92   93   94   95   96   97 
 347  328  250  167  152  120  124   79   69   43   11    1    7    6    1    1 
  98 
   1 

count of 1 values: mean 16.3535  variance 68.93437 

sum sq counts: mean 1279.675  variance 47060.55 

final counts: 8 14 19 23 

   user  system elapsed 
  7.800   0.000   7.801 
     [,1] [,2] [,3] [,4] [,5] [,6] [,7] [,8]
[1,]    2    2    3    3    1    2    2    2
[2,]    4    4    3    3    2    2    1    4
[3,]    4    4    1    1    4    4    4    4
[4,]    2    4    3    4    4    3    4    2
[5,]    3    3    4    4    4    3    3    3
[6,]    3    3    4    1    2    3    3    4
[7,]    4    1    1    4    3    3    4    2
[8,]    2    2    3    4    1    3    4    2

FSS, Random:
self transition frequency: 0.2299922 
average self transition probability: 0.2301273 
minimum self transition probability: 0.223769 
fraction of time max pr > 1/2: 0.3948984 

equal neighbors: mean 61.53654  variance 62.05324 
eq
  33   34   35   36   37   38   39   40   41   42   43   44   45   46   47   48 
   2    5    2    7   16   17   30   54   73  138  222  387  534  762 1069 1401 
  49   50   51   52   53   54   55   56   57   58   59   60   61   62   63   64 
1958 2357 2804 3350 3980 4544 5184 5793 6090 6227 6448 6600 6521 6393 6229 5894 
  65   66   67   68   69   70   71   72   73   74   75   76   77   78   79   80 
5497 5049 4744 4250 3829 3325 2870 2358 2087 1737 1405 1119  870  746  583  484 
  81   82   83   84   85   86   87   88   89   90   91   92   93   94   95   96 
 376  315  289  227  170  165  108   65   60   60   26   31   23   12    7   13 
  97   99 
   8    1 

count of 1 values: mean 16.58271  variance 61.94103 

sum sq counts: mean 1267.839  variance 45120.32 

final counts: 51 2 7 4 

   user  system elapsed 
  1.654   0.000   1.654 
     [,1] [,2] [,3] [,4] [,5] [,6] [,7] [,8]
[1,]    1    2    1    1    1    1    1    1
[2,]    3    3    1    1    4    1    2    1
[3,]    1    1    1    1    4    1    1    1
[4,]    3    3    1    1    4    1    1    1
[5,]    1    3    1    1    3    4    1    1
[6,]    1    1    1    1    1    1    3    1
[7,]    1    1    1    1    1    1    1    1
[8,]    1    1    1    1    1    1    1    1

FSS, Sequential:
self transition frequency: 0.235625 
average self transition probability: 0.2358287 
minimum self transition probability: 0.2286785 
fraction of time max pr > 1/2: 0.4019375 

equal neighbors: mean 61.93643  variance 66.74808 
eq
  33   35   36   37   38   39   40   41   42   43   44   45   46   47   48   49 
   1    3    5   12   20   40   58   84  164  265  374  492  721  977 1336 1816 
  50   51   52   53   54   55   56   57   58   59   60   61   62   63   64   65 
2232 2608 3210 3946 4285 4655 5333 5758 6255 6383 6577 6585 6531 6409 6061 5783 
  66   67   68   69   70   71   72   73   74   75   76   77   78   79   80   81 
5210 4853 4281 3767 3388 2967 2421 1992 1840 1521 1177  957  873  598  560  342 
  82   83   84   85   86   87   88   89   90   91   92   93   94   95   96   97 
 351  226  321  219  215  197  172   94   63   47   32   50   28   56   38   39 
  98   99  100  101  102  103  104  105  106  107  109 
  10   29   11   13    7   18   12    5    3   17    1 

count of 1 values: mean 16.00241  variance 63.68852 

sum sq counts: mean 1282.625  variance 58696.64 

final counts: 27 9 9 19 

   user  system elapsed 
  1.579   0.004   1.583 
     [,1] [,2] [,3] [,4] [,5] [,6] [,7] [,8]
[1,]    3    2    4    1    4    2    4    1
[2,]    1    2    2    4    4    2    4    4
[3,]    4    2    1    4    4    2    4    4
[4,]    4    3    3    4    4    4    4    4
[5,]    1    1    1    1    4    1    1    1
[6,]    1    1    3    2    1    1    1    1
[7,]    3    1    3    1    1    1    1    1
[8,]    3    1    1    1    1    2    3    3

FSS, Shuffled Sequential:
self transition frequency: 0.2347812 
average self transition probability: 0.2346532 
minimum self transition probability: 0.2273208 
fraction of time max pr > 1/2: 0.4005625 

equal neighbors: mean 61.83184  variance 61.4458 
eq
  32   33   34   35   36   37   38   39   40   41   42   43   44   45   46   47 
   3    1    3    2    2    6    4   21   61  104  145  234  330  448  653  950 
  48   49   50   51   52   53   54   55   56   57   58   59   60   61   62   63 
1130 1578 1991 2613 3136 3755 4423 5122 5553 6069 6457 6673 6897 6608 6442 6480 
  64   65   66   67   68   69   70   71   72   73   74   75   76   77   78   79 
6211 5791 5519 4659 4167 3783 3312 2643 2515 2074 1745 1432 1201 1106  807  620 
  80   81   82   83   84   85   86   87   88   89   90   91   92   93   94   95 
 451  438  326  222  180  120  163  107   92   80   90   58   52   35   20    9 
  96   97   98   99  100  101  102  103  104  106 
  25   19    4    3    2   12    2    5    1    5 

count of 1 values: mean 16.29971  variance 62.6862 

sum sq counts: mean 1280.209  variance 51158.47 

final counts: 1 10 11 42 

   user  system elapsed 
  1.558   0.004   1.561 
     [,1] [,2] [,3] [,4] [,5] [,6] [,7] [,8]
[1,]    3    3    4    4    4    4    4    4
[2,]    4    3    4    4    4    3    4    4
[3,]    4    3    4    4    3    3    4    4
[4,]    3    4    4    4    4    4    4    3
[5,]    2    4    4    4    4    4    4    4
[6,]    2    2    2    4    4    3    4    4
[7,]    2    2    2    4    4    4    4    1
[8,]    2    3    4    4    4    4    2    2

FSS, Checkerboard:
self transition frequency: 0.2392188 
average self transition probability: 0.2383071 
minimum self transition probability: 0.2315062 
fraction of time max pr > 1/2: 0.4061406 

equal neighbors: mean 62.23394  variance 69.17836 
eq
  33   34   35   37   38   39   40   41   42   43   44   45   46   47   48   49 
   1    1    1    4   12   27   49   94  163  264  396  497  725  992 1261 1555 
  50   51   52   53   54   55   56   57   58   59   60   61   62   63   64   65 
2007 2558 3189 3742 4167 4788 5240 5680 6181 6179 6483 6682 6556 6211 6057 5667 
  66   67   68   69   70   71   72   73   74   75   76   77   78   79   80   81 
5179 4777 4252 3839 3213 2866 2539 2232 1901 1703 1389 1168  919  826  640  540 
  82   83   84   85   86   87   88   89   90   91   92   93   94   95   96   97 
 462  377  286  256  248  167  156  107  115   79   80   46   44   25   20   14 
  98   99  100  101  102  103  104  105  106  108  109  110  112 
   6   30    5   17    1    5    2    4    7   22    2    3    2 

count of 1 values: mean 16.03019  variance 70.5928 

sum sq counts: mean 1302.075  variance 62422.88 

final counts: 23 11 6 24 

   user  system elapsed 
  1.587   0.000   1.588 
     [,1] [,2] [,3] [,4] [,5] [,6] [,7] [,8]
[1,]    1    2    4    1    1    1    1    2
[2,]    4    4    4    2    4    1    1    4
[3,]    4    4    4    4    4    2    4    4
[4,]    2    2    3    4    3    4    4    4
[5,]    1    4    4    2    2    1    1    3
[6,]    1    4    3    2    2    1    1    1
[7,]    2    4    3    4    1    1    1    1
[8,]    4    4    3    1    1    1    1    1

FSS, Random order:
self transition frequency: 0.2311719 
average self transition probability: 0.231837 
minimum self transition probability: 0.2254139 
fraction of time max pr > 1/2: 0.3972344 

equal neighbors: mean 61.5604  variance 66.89727 
eq
  28   29   30   31   32   33   34   36   37   38   39   40   41   42   43   44 
   4    2    3    4    7    3    3    5    7   14   33   46   94  156  267  438 
  45   46   47   48   49   50   51   52   53   54   55   56   57   58   59   60 
 628  808  992 1397 1899 2377 2960 3436 4124 4634 5092 5663 5943 6287 6680 6569 
  61   62   63   64   65   66   67   68   69   70   71   72   73   74   75   76 
6598 6420 6289 5848 5596 5012 4391 4090 3597 3190 2581 2361 1976 1566 1357 1123 
  77   78   79   80   81   82   83   84   85   86   87   88   89   90   91   92 
 906  730  610  521  411  408  284  226  198  191  162  137   93   91  111   59 
  93   94   95   96   97   98   99  100  101  102  103 
  53   26   36   32   14   34   48   22   10   11    6 

count of 1 values: mean 16.0117  variance 62.05346 

sum sq counts: mean 1274.34  variance 50506.35 

final counts: 27 10 15 12 

   user  system elapsed 
  1.595   0.000   1.594 
     [,1] [,2] [,3] [,4] [,5] [,6] [,7] [,8]
[1,]    1    2    2    3    3    2    1    1
[2,]    3    2    2    4    4    3    1    1
[3,]    2    3    3    1    1    3    3    4
[4,]    1    3    1    1    1    1    1    1
[5,]    3    3    1    1    2    3    2    3
[6,]    4    4    4    1    1    4    2    3
[7,]    1    4    4    3    1    1    1    1
[8,]    1    2    4    4    4    1    1    1

FSS, Random order x4:
self transition frequency: 0.2350703 
average self transition probability: 0.2357317 
minimum self transition probability: 0.2290944 
fraction of time max pr > 1/2: 0.4030156 

equal neighbors: mean 61.87129  variance 63.76197 
eq
  32   34   35   36   37   38   39   40   41   42   43   44   45   46   47   48 
   1    2    3   11    9    8   24   66  113  167  227  328  541  695  977 1275 
  49   50   51   52   53   54   55   56   57   58   59   60   61   62   63   64 
1707 2023 2593 3227 3776 4477 5067 5672 6028 6286 6581 6654 6542 6496 6192 5859 
  65   66   67   68   69   70   71   72   73   74   75   76   77   78   79   80 
5303 4914 4577 4130 3809 3443 2980 2647 2267 1881 1672 1437 1229  904  734  538 
  81   82   83   84   85   86   87   88   89   90   91   92   93   94   95   96 
 465  330  235  194  156  143   70   49   56   43   26   15   13    6   15   13 
  97   98   99  100  102  103  104  105  107  108  109  110  112 
  13    3    6    1    3    2    4    7    3   14    7    4   12 

count of 1 values: mean 15.81286  variance 68.80723 

sum sq counts: mean 1284.492  variance 51777.67 

final counts: 1 16 26 21 

   user  system elapsed 
  1.572   0.004   1.577 
     [,1] [,2] [,3] [,4] [,5] [,6] [,7] [,8]
[1,]    4    3    4    4    4    4    3    3
[2,]    4    1    3    3    2    4    3    2
[3,]    4    4    3    3    2    2    2    3
[4,]    3    3    3    3    3    2    2    3
[5,]    2    3    3    3    3    2    2    2
[6,]    2    4    3    2    3    4    4    2
[7,]    2    4    3    4    3    3    4    4
[8,]    2    4    4    4    4    3    3    4

ZFSS, Random:
self transition frequency: 0.2234297 
average self transition probability: 0.2247284 
minimum self transition probability: 0.2254336 
fraction of time max pr > 1/2: 0.3981719 

equal neighbors: mean 61.44456  variance 65.62131 
eq
  33   34   35   36   37   38   39   40   41   42   43   44   45   46   47   48 
   2    5    4    4   13   24   57   77  132  178  274  409  582  832 1175 1500 
  49   50   51   52   53   54   55   56   57   58   59   60   61   62   63   64 
1963 2550 3006 3440 3911 4518 4897 5522 5979 6509 6827 6770 6568 6344 6250 5777 
  65   66   67   68   69   70   71   72   73   74   75   76   77   78   79   80 
5531 4922 4666 4085 3637 3097 2536 2177 1835 1575 1444 1115  886  776  699  563 
  81   82   83   84   85   86   87   88   89   90   91   92   93   94   95   96 
 467  328  283  226  212  152  137   80   60   64   90   60   37   58   30   18 
  97   98   99  100  102  104 
   4   17   10   14    6    4 

count of 1 values: mean 17.24065  variance 67.72716 

sum sq counts: mean 1273.713  variance 52541.65 

final counts: 12 23 15 14 

   user  system elapsed 
  1.663   0.004   1.668 
     [,1] [,2] [,3] [,4] [,5] [,6] [,7] [,8]
[1,]    1    1    2    2    2    2    2    2
[2,]    4    2    2    3    3    2    2    2
[3,]    4    2    2    2    4    4    4    4
[4,]    4    3    2    2    3    4    4    4
[5,]    3    4    4    2    4    4    3    1
[6,]    3    3    2    1    2    2    1    1
[7,]    3    1    1    3    2    2    1    3
[8,]    3    3    3    2    1    1    1    3

ZFSS, Sequential:
self transition frequency: 0.2259609 
average self transition probability: 0.226328 
minimum self transition probability: 0.2263294 
fraction of time max pr > 1/2: 0.3980781 

equal neighbors: mean 61.56991  variance 68.75518 
eq
  33   34   35   36   37   38   39   40   41   42   43   44   45   46   47   48 
   4   15   22   25   24   45   67  116  209  262  327  456  614  793 1078 1423 
  49   50   51   52   53   54   55   56   57   58   59   60   61   62   63   64 
1865 2368 2784 3342 3972 4524 4831 5713 6236 6453 6535 6484 6548 6354 6044 5763 
  65   66   67   68   69   70   71   72   73   74   75   76   77   78   79   80 
5419 5000 4404 3911 3599 3188 2774 2403 2130 1659 1390 1077 1012  776  623  542 
  81   82   83   84   85   86   87   88   89   90   91   92   93   94   95   96 
 479  416  325  286  244  207  175  124   83  100   61   89   38   54   30   22 
  97   98   99  100  101 
  18   13   11   17    5 

count of 1 values: mean 16.37673  variance 69.02903 

sum sq counts: mean 1293.076  variance 60567.56 

final counts: 15 12 19 18 

   user  system elapsed 
  1.676   0.000   1.677 
     [,1] [,2] [,3] [,4] [,5] [,6] [,7] [,8]
[1,]    2    3    3    3    3    4    1    2
[2,]    1    1    1    3    3    4    4    4
[3,]    2    4    1    3    3    1    2    1
[4,]    4    3    1    3    4    1    2    4
[5,]    4    3    3    3    4    4    2    4
[6,]    3    3    4    2    3    2    2    4
[7,]    1    4    1    2    1    2    2    1
[8,]    4    3    3    3    1    4    4    1

ZFSS, Shuffled Sequential:
self transition frequency: 0.231875 
average self transition probability: 0.2312655 
minimum self transition probability: 0.2310181 
fraction of time max pr > 1/2: 0.4058906 

equal neighbors: mean 62.22586  variance 66.8194 
eq
  34   35   36   37   38   39   40   41   42   43   44   45   46   47   48   49 
   2    1   10   14   29   43   47   67  110  162  282  419  630  763 1003 1460 
  50   51   52   53   54   55   56   57   58   59   60   61   62   63   64   65 
1992 2601 3153 3733 4563 5054 5508 6007 6017 6502 6651 6714 6523 6276 5913 5572 
  66   67   68   69   70   71   72   73   74   75   76   77   78   79   80   81 
5220 4672 4327 3956 3357 2877 2443 2073 1830 1546 1337 1162  980  804  634  553 
  82   83   84   85   86   87   88   89   90   91   92   93   94   95   96   97 
 415  319  305  267  229  147  128   89   87   40   52   31   51   37   33   44 
  98   99  100  101  102  103  104  105  106  108  110  112  116 
  18   33    5   13    9   19    5    4   10    5    6    6    1 

count of 1 values: mean 16.14589  variance 67.89851 

sum sq counts: mean 1296.759  variance 60999.26 

final counts: 19 17 16 12 

   user  system elapsed 
  1.647   0.004   1.652 
     [,1] [,2] [,3] [,4] [,5] [,6] [,7] [,8]
[1,]    2    1    1    1    1    1    1    4
[2,]    3    3    2    1    1    4    3    3
[3,]    3    2    2    1    2    2    3    3
[4,]    2    2    2    1    1    3    3    3
[5,]    2    1    4    4    1    2    3    3
[6,]    4    2    4    1    2    3    3    1
[7,]    4    2    2    1    1    3    3    4
[8,]    4    2    2    1    1    4    4    4

ZFSS, Checkerboard:
self transition frequency: 0.2296797 
average self transition probability: 0.2297113 
minimum self transition probability: 0.2293913 
fraction of time max pr > 1/2: 0.4019297 

equal neighbors: mean 61.98931  variance 70.15309 
eq
  33   34   35   36   37   38   39   40   41   42   43   44   45   46   47   48 
   4    4    6   12   12   27   39   54   83  163  227  350  560  759 1066 1370 
  49   50   51   52   53   54   55   56   57   58   59   60   61   62   63   64 
1817 2286 2796 3286 3861 4487 5044 5564 6003 6158 6257 6311 6460 6106 5973 5829 
  65   66   67   68   69   70   71   72   73   74   75   76   77   78   79   80 
5587 5056 4344 4104 3710 3149 2775 2493 2036 1826 1589 1300 1084  920  917  717 
  81   82   83   84   85   86   87   88   89   90   91   92   93   94   95   96 
 642  594  482  329  400  248  170  154  142   64   57   17   26   30    7   17 
  97   98   99  100 
   6   22   10    2 

count of 1 values: mean 16.20838  variance 65.24767 

sum sq counts: mean 1286.606  variance 57965.05 

final counts: 30 13 3 18 

   user  system elapsed 
  1.655   0.004   1.659 
     [,1] [,2] [,3] [,4] [,5] [,6] [,7] [,8]
[1,]    4    4    4    1    2    1    1    4
[2,]    4    2    2    1    1    1    1    4
[3,]    4    4    4    1    1    1    1    1
[4,]    4    2    1    1    1    3    2    1
[5,]    4    1    2    2    2    4    2    2
[6,]    1    1    2    2    4    4    1    3
[7,]    1    1    1    4    1    1    2    4
[8,]    1    4    3    4    1    1    1    1

ZFSS, Random order:
self transition frequency: 0.2290547 
average self transition probability: 0.229211 
minimum self transition probability: 0.2295916 
fraction of time max pr > 1/2: 0.4036328 

equal neighbors: mean 62.04062  variance 64.76424 
eq
  30   31   32   33   34   35   36   37   38   39   40   41   42   43   44   45 
   1    1    2    3    5    5    2    6   11   19   43   59  120  205  286  435 
  46   47   48   49   50   51   52   53   54   55   56   57   58   59   60   61 
 669  956 1260 1717 2148 2682 3211 3854 4352 5000 5356 5746 6099 6435 6656 6485 
  62   63   64   65   66   67   68   69   70   71   72   73   74   75   76   77 
6282 6354 6046 5509 5393 4786 4460 3861 3444 2866 2542 2073 1813 1507 1295 1066 
  78   79   80   81   82   83   84   85   86   87   88   89   90   91   92   93 
 850  764  608  471  400  350  294  263  235  197  123   67   61   52   48   26 
  94   95   96   97   98   99  100  101 
  29    4   13    8    4    4    2    1 

count of 1 values: mean 16.11916  variance 71.44533 

sum sq counts: mean 1294.889  variance 52919.19 

final counts: 23 6 25 10 

   user  system elapsed 
  1.645   0.000   1.646 
     [,1] [,2] [,3] [,4] [,5] [,6] [,7] [,8]
[1,]    3    2    3    4    4    4    1    1
[2,]    1    1    3    1    3    3    1    1
[3,]    1    3    1    1    4    1    3    1
[4,]    1    1    1    1    4    2    2    2
[5,]    4    3    1    4    1    1    2    3
[6,]    3    3    3    4    3    3    3    3
[7,]    3    1    3    3    1    1    2    3
[8,]    3    3    3    3    4    4    1    3

ZFSS, Random order x4:
self transition frequency: 0.2279219 
average self transition probability: 0.2278649 
minimum self transition probability: 0.2280177 
fraction of time max pr > 1/2: 0.4002969 

equal neighbors: mean 61.86143  variance 72.60359 
eq
  33   34   35   36   37   38   39   40   41   42   43   44   45   46   47   48 
   1    1    1    8   14   26   46   75  118  192  279  380  561  769 1137 1390 
  49   50   51   52   53   54   55   56   57   58   59   60   61   62   63   64 
1894 2412 2981 3533 4130 4652 5077 5504 5785 6204 6316 6332 6467 6149 5831 5324 
  65   66   67   68   69   70   71   72   73   74   75   76   77   78   79   80 
5202 4892 4496 4056 3606 3183 2871 2428 1996 1812 1531 1292 1166  996  875  646 
  81   82   83   84   85   86   87   88   89   90   91   92   93   94   95   96 
 604  477  394  366  310  234  208  165  133   75   74   57   43   26   21   28 
  97   98   99  100  101  102  103  104  105  106  109  110 
  15   28   27   41    7    4    1   11    1    8    2    3 

count of 1 values: mean 15.60253  variance 65.17507 

sum sq counts: mean 1291.164  variance 59496.82 

final counts: 22 11 20 11 

   user  system elapsed 
  1.620   0.000   1.621 
     [,1] [,2] [,3] [,4] [,5] [,6] [,7] [,8]
[1,]    2    3    2    1    1    1    1    1
[2,]    1    1    1    1    1    2    1    3
[3,]    3    1    1    3    3    3    4    3
[4,]    3    1    1    2    2    4    1    4
[5,]    4    3    3    2    1    1    1    1
[6,]    3    3    3    3    3    1    1    3
[7,]    4    4    3    3    2    2    4    4
[8,]    2    3    4    4    2    3    2    4
> 
