
R version 4.1.2 (2021-11-01) -- "Bird Hippie"
Copyright (C) 2021 The R Foundation for Statistical Computing
Platform: x86_64-pc-linux-gnu (64-bit)

R is free software and comes with ABSOLUTELY NO WARRANTY.
You are welcome to redistribute it under certain conditions.
Type 'license()' or 'licence()' for distribution details.

R is a collaborative project with many contributors.
Type 'contributors()' for more information and
'citation()' on how to cite R or R packages in publications.

Type 'demo()' for some demos, 'help()' for on-line help, or
'help.start()' for an HTML browser interface to help.
Type 'q()' to quit R.

> # DO THE 8x8 POTTS EXPERIMENTAL RUNS - SET B.
> 
> source("methods.r")
> source("scans.r")
> source("potts-8x8.r")
> source("plot.r")
> 
> rtype <- "b"
> 
> meth <- list (GS=trans_GS,
+               MHGS=trans_MHGS,
+               UNAM=trans_UNAM,
+               DNAM=trans_DNAM,
+               UDNAM=trans_UDNAM,
+               ZDNAM=trans_ZDNAM
+         )
> 
> scan <- list (Random=scan_random,
+               Sequential=scan_sequential,
+               `Shuffled Sequential`=scan_shuffled_sequential,
+               Checkerboard=scan_checkerboard,
+               `Random order`=scan_random_order,
+               `Random order x4`=scan_random_order_x4
+         )
> 
> source("potts-runs-8x8-tail.r")
Shuffle order: 57 4 39 1 34 23 43 14 18 51 33 21 53 42 46 10 7 9 15 52 37 41 25 44 58 60 55 50 54 20 6 49 36 62 40 35 28 29 26 12 59 31 8 38 24 48 32 27 22 64 2 13 30 17 11 61 3 16 56 63 45 19 47 5 

GS, Random:
self transition frequency: 0.4590625 
average self transition probability: 0.459066 
minimum self transition probability: 0.2262003 
fraction of time max pr > 1/2: 0.3994219 

equal neighbors: mean 61.82223  variance 65.86304 
eq
  35   36   37   38   39   40   41   42   43   44   45   46   47   48   49   50 
   4    2    1   10   25   56   75  131  193  288  403  655  924 1384 1735 2285 
  51   52   53   54   55   56   57   58   59   60   61   62   63   64   65   66 
3013 3422 4105 4651 5072 5850 6039 6211 6394 6449 6470 6524 6342 5649 5386 4999 
  67   68   69   70   71   72   73   74   75   76   77   78   79   80   81   82 
4393 4159 3625 3110 2816 2339 2047 1750 1639 1315 1173  895  702  634  531  447 
  83   84   85   86   87   88   89   90   91   92   93   94   95   96   97   98 
 371  216  260  105  129  119  100   88   89   74   32   27   14   16   17   14 
  99  100 
   6    1 

count of 1 values: mean 15.47058  variance 67.89888 

sum sq counts: mean 1281.103  variance 48382.11 

final counts: 10 20 26 8 

   user  system elapsed 
  1.393   0.006   1.400 
     [,1] [,2] [,3] [,4] [,5] [,6] [,7] [,8]
[1,]    3    3    3    3    1    3    3    2
[2,]    3    2    2    3    3    1    1    2
[3,]    3    2    2    3    3    2    3    2
[4,]    3    2    2    3    3    3    1    2
[5,]    3    3    2    2    3    3    2    1
[6,]    1    3    3    1    2    4    2    2
[7,]    4    3    1    1    2    4    4    4
[8,]    4    3    4    2    2    3    1    4

GS, Sequential:
self transition frequency: 0.46 
average self transition probability: 0.4596043 
minimum self transition probability: 0.2288138 
fraction of time max pr > 1/2: 0.4024219 

equal neighbors: mean 61.98593  variance 65.22416 
eq
  34   35   36   37   38   39   40   41   42   43   44   45   46   47   48   49 
   2    7    2    5    7   18   34   73  119  213  255  445  697  920 1244 1653 
  50   51   52   53   54   55   56   57   58   59   60   61   62   63   64   65 
2162 2683 3313 3817 4587 5050 5611 6007 6022 6592 6722 6519 6220 6033 5984 5689 
  66   67   68   69   70   71   72   73   74   75   76   77   78   79   80   81 
5027 4637 4273 3862 3422 2841 2507 2297 1955 1492 1185 1022  720  787  582  529 
  82   83   84   85   86   87   88   89   90   91   92   93   94   95   96   97 
 337  412  265  232  181  147   96   67  103   82   65   52   19    9   15   11 
  99  100  101  102  103 
  32   21    9    1    1 

count of 1 values: mean 16.66127  variance 70.25009 

sum sq counts: mean 1285.486  variance 50306.27 

final counts: 5 14 18 27 

   user  system elapsed 
  1.359   0.001   1.359 
     [,1] [,2] [,3] [,4] [,5] [,6] [,7] [,8]
[1,]    3    3    3    3    3    3    3    3
[2,]    3    1    4    4    4    3    3    3
[3,]    1    4    2    4    4    3    2    2
[4,]    4    4    4    2    2    4    4    4
[5,]    4    2    3    2    4    4    4    4
[6,]    4    2    2    2    4    4    4    4
[7,]    1    1    2    2    3    4    4    4
[8,]    2    4    3    2    3    4    1    3

GS, Shuffled Sequential:
self transition frequency: 0.458125 
average self transition probability: 0.4585926 
minimum self transition probability: 0.2270084 
fraction of time max pr > 1/2: 0.3987812 

equal neighbors: mean 61.81034  variance 63.61251 
eq
  32   33   34   35   36   37   38   39   40   41   42   43   44   45   46   47 
   3    5    3    4   10   19   17   32   57  101  120  180  376  492  813  998 
  48   49   50   51   52   53   54   55   56   57   58   59   60   61   62   63 
1376 1796 2072 2524 3108 3708 4530 5025 5558 5921 6457 6635 6598 6689 6574 6535 
  64   65   66   67   68   69   70   71   72   73   74   75   76   77   78   79 
5906 5395 5114 4590 4135 3807 3368 2732 2654 2019 1993 1542 1100 1040  764  785 
  80   81   82   83   84   85   86   87   88   89   90   91   92   93   94   95 
 489  462  380  296  191  193  150   79   82   80   44   57   41   64   42   26 
  96   97   98   99  100  101  103 
  10    4   13    4    6    6    1 

count of 1 values: mean 16.54673  variance 67.90141 

sum sq counts: mean 1277.37  variance 44671.74 

final counts: 15 29 12 8 

   user  system elapsed 
  1.313   0.001   1.314 
     [,1] [,2] [,3] [,4] [,5] [,6] [,7] [,8]
[1,]    1    1    1    4    2    2    1    1
[2,]    2    1    1    2    1    2    2    3
[3,]    2    2    2    2    2    2    2    4
[4,]    2    2    2    2    2    2    2    2
[5,]    1    2    2    2    2    2    2    3
[6,]    3    1    4    4    3    3    4    3
[7,]    3    2    4    1    3    3    1    1
[8,]    3    3    3    1    4    4    1    2

GS, Checkerboard:
self transition frequency: 0.4578672 
average self transition probability: 0.4579963 
minimum self transition probability: 0.2259167 
fraction of time max pr > 1/2: 0.39875 

equal neighbors: mean 61.70708  variance 61.88141 
eq
  32   34   35   36   37   38   39   40   41   42   43   44   45   46   47   48 
   3    5    6    7   10   32   30   85  108  149  224  340  501  723 1012 1331 
  49   50   51   52   53   54   55   56   57   58   59   60   61   62   63   64 
1662 2081 2625 3198 3968 4289 4979 5329 6200 6363 6709 6963 6809 6725 6414 5901 
  65   66   67   68   69   70   71   72   73   74   75   76   77   78   79   80 
5688 5306 4787 4084 3876 2998 2670 2341 2099 1752 1359 1044  980  822  701  579 
  81   82   83   84   85   86   87   88   89   90   91   92   93   94   95   96 
 443  369  287  211  204  122  120  115   56   60   59   35   24   10   12    6 

count of 1 values: mean 17.02194  variance 69.74114 

sum sq counts: mean 1276.559  variance 46766.09 

final counts: 17 4 22 21 

   user  system elapsed 
  1.311   0.004   1.315 
     [,1] [,2] [,3] [,4] [,5] [,6] [,7] [,8]
[1,]    4    3    3    3    3    3    4    4
[2,]    3    4    4    1    1    1    4    4
[3,]    1    1    3    3    3    3    4    4
[4,]    4    4    4    2    1    4    3    1
[5,]    1    1    4    2    1    4    3    1
[6,]    1    3    4    2    1    1    4    4
[7,]    3    3    4    1    1    1    2    4
[8,]    3    3    3    3    3    3    3    4

GS, Random order:
self transition frequency: 0.4616953 
average self transition probability: 0.4618253 
minimum self transition probability: 0.2318611 
fraction of time max pr > 1/2: 0.4061875 

equal neighbors: mean 62.26049  variance 73.43737 
eq
  35   36   37   38   39   40   41   42   43   44   45   46   47   48   49   50 
   5    8    5   21   26   52   65  137  223  342  449  605  818 1221 1613 2142 
  51   52   53   54   55   56   57   58   59   60   61   62   63   64   65   66 
2419 3172 3898 4447 4951 5530 6243 6224 6596 6738 6604 6501 6099 5790 5460 4960 
  67   68   69   70   71   72   73   74   75   76   77   78   79   80   81   82 
4670 4196 3534 3130 2886 2375 2068 1771 1439 1138 1024  833  834  596  541  513 
  83   84   85   86   87   88   89   90   91   92   93   94   95   96   97   98 
 384  369  411  203  293  149  232  184  135  111   98  119   62   41   65   24 
  99  100  101  102  103  104  105  106  107  108  109 
  64   33   45    9   20    5    9    2    5    2   14 

count of 1 values: mean 16.28172  variance 71.72404 

sum sq counts: mean 1298.279  variance 68047.91 

final counts: 13 13 17 21 

   user  system elapsed 
  1.303   0.000   1.303 
     [,1] [,2] [,3] [,4] [,5] [,6] [,7] [,8]
[1,]    4    2    2    3    2    4    4    4
[2,]    3    2    2    2    2    3    3    3
[3,]    4    4    4    4    1    3    4    2
[4,]    4    1    1    1    1    3    4    4
[5,]    1    1    1    1    3    3    4    4
[6,]    3    1    1    1    2    4    4    4
[7,]    4    2    2    3    3    3    3    3
[8,]    4    4    1    2    3    3    2    4

GS, Random order x4:
self transition frequency: 0.4616875 
average self transition probability: 0.4603348 
minimum self transition probability: 0.2287746 
fraction of time max pr > 1/2: 0.4015938 

equal neighbors: mean 61.96832  variance 65.75891 
eq
  33   34   35   37   38   39   40   41   42   43   44   45   46   47   48   49 
   1    1    4    3   18   31   39   91  145  230  347  453  681  944 1236 1731 
  50   51   52   53   54   55   56   57   58   59   60   61   62   63   64   65 
2154 2744 3341 4141 4553 4795 5376 5692 6094 6301 6322 6435 6443 6494 6207 5782 
  66   67   68   69   70   71   72   73   74   75   76   77   78   79   80   81 
5368 4590 4114 3709 3348 3054 2522 2181 1640 1414 1252  973  865  791  624  531 
  82   83   84   85   86   87   88   89   90   91   92   93   94   95   96   97 
 469  333  171  320  187  140  134  112   75   57   47   13   25   13   27   14 
  98   99  100  101  103 
  29    8    7    9    5 

count of 1 values: mean 16.15859  variance 69.63313 

sum sq counts: mean 1284.276  variance 52444.32 

final counts: 10 30 8 16 

   user  system elapsed 
  1.289   0.000   1.290 
     [,1] [,2] [,3] [,4] [,5] [,6] [,7] [,8]
[1,]    2    3    4    1    1    1    2    2
[2,]    2    3    4    4    3    2    2    2
[3,]    2    1    4    2    2    2    4    4
[4,]    3    4    4    3    4    2    4    4
[5,]    2    2    2    3    1    2    2    2
[6,]    3    2    2    3    4    4    2    2
[7,]    2    1    1    2    4    4    2    2
[8,]    2    2    1    4    1    1    2    2

MHGS, Random:
self transition frequency: 0.3288437 
average self transition probability: 0.330782 
minimum self transition probability: 0.2286964 
fraction of time max pr > 1/2: 0.401625 

equal neighbors: mean 61.92859  variance 64.80719 
eq
  34   36   37   38   39   40   41   42   43   44   45   46   47   48   49   50 
   1    8   16   24   22   40   83   97  178  274  500  709 1090 1301 1728 2088 
  51   52   53   54   55   56   57   58   59   60   61   62   63   64   65   66 
2770 3250 4017 4510 5137 5388 5914 6195 6296 6484 6265 6469 6182 5950 5523 5367 
  67   68   69   70   71   72   73   74   75   76   77   78   79   80   81   82 
4769 4245 3676 3379 2780 2644 2096 1845 1514 1364 1110  904  805  610  509  370 
  83   84   85   86   87   88   89   90   91   92   93   94   95   96   97   98 
 309  280  168  130  166   65  112   88   57   23   23   28    9   14    3   13 
  99  100 
   5   11 

count of 1 values: mean 16.10052  variance 65.34148 

sum sq counts: mean 1284.401  variance 53430 

final counts: 9 18 33 4 

   user  system elapsed 
  2.135   0.000   2.134 
     [,1] [,2] [,3] [,4] [,5] [,6] [,7] [,8]
[1,]    3    4    3    3    3    2    2    3
[2,]    3    3    3    3    1    2    2    3
[3,]    3    3    3    3    2    2    2    3
[4,]    4    2    3    3    1    1    3    3
[5,]    1    1    3    4    2    3    3    3
[6,]    3    1    2    4    1    2    3    3
[7,]    2    1    1    3    3    2    3    2
[8,]    2    3    3    3    3    2    2    2

MHGS, Sequential:
self transition frequency: 0.3281406 
average self transition probability: 0.3289436 
minimum self transition probability: 0.2267923 
fraction of time max pr > 1/2: 0.3996719 

equal neighbors: mean 61.71258  variance 61.45659 
eq
  35   36   37   38   39   40   41   42   43   44   45   46   47   48   49   50 
   2    7   13   37   48   61  108  164  184  257  458  608  940 1348 1678 2272 
  51   52   53   54   55   56   57   58   59   60   61   62   63   64   65   66 
2831 3171 3968 4453 5021 5400 6167 6256 6585 6653 6541 6665 6323 6094 5758 5539 
  67   68   69   70   71   72   73   74   75   76   77   78   79   80   81   82 
4772 4354 3923 3493 2791 2314 1927 1489 1220 1091  895  809  615  490  420  335 
  83   84   85   86   87   88   89   90   91   92   93   94   95   96   98 
 259  220  185  209  138  109  105   88   32   45   27   11    6   12    6 

count of 1 values: mean 15.98865  variance 62.63823 

sum sq counts: mean 1279.432  variance 48975.15 

final counts: 12 6 26 20 

   user  system elapsed 
  2.145   0.000   2.146 
     [,1] [,2] [,3] [,4] [,5] [,6] [,7] [,8]
[1,]    4    1    1    1    1    3    1    4
[2,]    3    3    3    1    3    3    2    4
[3,]    2    3    3    2    2    3    1    4
[4,]    2    3    4    3    3    3    4    4
[5,]    2    4    4    3    3    3    3    4
[6,]    4    4    3    3    1    3    4    4
[7,]    4    4    4    3    3    3    4    4
[8,]    1    1    1    3    3    3    4    1

MHGS, Shuffled Sequential:
self transition frequency: 0.3347422 
average self transition probability: 0.3352001 
minimum self transition probability: 0.2332383 
fraction of time max pr > 1/2: 0.4082891 

equal neighbors: mean 62.38361  variance 69.89128 
eq
  35   36   37   38   39   40   41   42   43   44   45   46   47   48   49   50 
   1    2   16   13   16   23   59   98  144  261  417  646  923 1299 1690 2132 
  51   52   53   54   55   56   57   58   59   60   61   62   63   64   65   66 
2554 3240 3638 4332 4878 5222 5661 6106 6409 6550 6440 6216 6035 5693 5494 5207 
  67   68   69   70   71   72   73   74   75   76   77   78   79   80   81   82 
4731 4388 4047 3607 3072 2487 2200 1826 1599 1324 1268 1072  847  664  622  505 
  83   84   85   86   87   88   89   90   91   92   93   94   95   96   97   98 
 474  302  273  224  230  179  143   95   77   44   52   33   24   24   18   55 
 100  101  102  103  104  105  106  108  112 
   4    2   36    5    4    3    4    8   13 

count of 1 values: mean 15.72843  variance 64.70936 

sum sq counts: mean 1302.431  variance 63136.23 

final counts: 55 5 1 3 

   user  system elapsed 
  2.124   0.000   2.123 
     [,1] [,2] [,3] [,4] [,5] [,6] [,7] [,8]
[1,]    1    1    1    1    1    1    1    1
[2,]    1    1    1    1    1    1    1    1
[3,]    1    1    1    1    1    1    1    1
[4,]    1    1    1    1    1    4    1    2
[5,]    2    1    1    1    1    4    1    1
[6,]    3    1    1    1    1    1    1    1
[7,]    1    1    2    1    1    1    1    4
[8,]    1    1    2    1    1    1    1    2

MHGS, Checkerboard:
self transition frequency: 0.3282344 
average self transition probability: 0.3277363 
minimum self transition probability: 0.2246077 
fraction of time max pr > 1/2: 0.3959609 

equal neighbors: mean 61.54259  variance 68.27424 
eq
  33   34   35   36   37   38   39   40   41   42   43   44   45   46   47   48 
   1    2   13   16   28   39   65   81  112  196  238  348  526  737 1006 1421 
  49   50   51   52   53   54   55   56   57   58   59   60   61   62   63   64 
1927 2542 2823 3599 4242 4704 5252 5777 6229 6448 6451 6303 6360 6431 5867 5888 
  65   66   67   68   69   70   71   72   73   74   75   76   77   78   79   80 
5142 4954 4392 4151 3736 3127 2973 2456 1975 1527 1398 1078  954  802  584  535 
  81   82   83   84   85   86   87   88   89   90   91   92   93   94   95   96 
 480  293  261  252  144  141  129  136   80   93   79   83   59   54   27   27 
  97   98   99  100  101  102  103  104  105  106  107  108  109  111  112 
  23   18   12   14   27    8    4   14   32    2    7   16   18    7    4 

count of 1 values: mean 15.80247  variance 59.27563 

sum sq counts: mean 1276.26  variance 53583.13 

final counts: 19 20 12 13 

   user  system elapsed 
  2.138   0.000   2.138 
     [,1] [,2] [,3] [,4] [,5] [,6] [,7] [,8]
[1,]    1    1    2    1    1    4    4    1
[2,]    1    1    1    1    4    2    2    1
[3,]    1    1    1    2    4    2    2    1
[4,]    1    1    3    2    4    4    2    1
[5,]    1    3    3    3    3    1    2    4
[6,]    2    2    3    3    2    3    4    2
[7,]    2    2    4    3    2    2    3    2
[8,]    2    2    4    4    4    4    3    3

MHGS, Random order:
self transition frequency: 0.3340078 
average self transition probability: 0.3334332 
minimum self transition probability: 0.2308705 
fraction of time max pr > 1/2: 0.4059609 

equal neighbors: mean 62.08039  variance 70.75951 
eq
  32   33   35   36   37   38   39   40   41   42   43   44   45   46   47   48 
   1    4    3    1    8   15   38   79  132  203  245  390  436  692  906 1332 
  49   50   51   52   53   54   55   56   57   58   59   60   61   62   63   64 
1718 2116 2709 3187 3728 4585 4954 5377 5864 6228 6379 6611 6488 6306 6171 5775 
  65   66   67   68   69   70   71   72   73   74   75   76   77   78   79   80 
5445 5037 4845 4257 3755 3338 2694 2613 2109 1821 1774 1272 1089  923  833  635 
  81   82   83   84   85   86   87   88   89   90   91   92   93   94   95   96 
 411  395  255  279  145  156  201  125   82  105   81  106   61   37   38   49 
  97   98   99  100  101  102  103  104  105  106  110 
  52   85   30   52   44   51    7    8   12    8    4 

count of 1 values: mean 17.06148  variance 80.43939 

sum sq counts: mean 1294.391  variance 66118.85 

final counts: 10 5 26 23 

   user  system elapsed 
  2.123   0.000   2.124 
     [,1] [,2] [,3] [,4] [,5] [,6] [,7] [,8]
[1,]    3    3    4    4    2    1    3    3
[2,]    3    3    2    1    4    4    3    3
[3,]    3    2    3    1    4    4    3    3
[4,]    3    3    3    4    4    3    3    3
[5,]    2    3    3    4    4    1    3    2
[6,]    1    4    4    4    4    4    3    1
[7,]    4    4    4    1    3    1    1    3
[8,]    4    4    4    4    3    4    1    3

MHGS, Random order x4:
self transition frequency: 0.3326875 
average self transition probability: 0.3331218 
minimum self transition probability: 0.2304424 
fraction of time max pr > 1/2: 0.4047812 

equal neighbors: mean 61.99439  variance 69.72459 
eq
  34   35   36   37   38   39   40   41   42   43   44   45   46   47   48   49 
   4    2    3    8   19   39   56  106  166  227  364  568  800 1080 1437 1884 
  50   51   52   53   54   55   56   57   58   59   60   61   62   63   64   65 
2320 2618 3233 3809 4277 4734 5442 5456 6040 6466 6469 6602 6522 6027 5861 5703 
  66   67   68   69   70   71   72   73   74   75   76   77   78   79   80   81 
5047 4600 4324 3947 3600 2969 2474 2020 1762 1561 1342 1101  806  658  597  445 
  82   83   84   85   86   87   88   89   90   91   92   93   94   95   96   97 
 386  332  268  215  199  142   98   79   95   73   46   84   44   53   33   47 
  98   99  100  101  102  103  104  105  106  107  108  109 
  25   66   21   21   18   12   13   17    2    7    1    8 

count of 1 values: mean 16.18567  variance 72.55064 

sum sq counts: mean 1293.137  variance 59807.42 

final counts: 6 19 18 21 

   user  system elapsed 
  2.109   0.000   2.110 
     [,1] [,2] [,3] [,4] [,5] [,6] [,7] [,8]
[1,]    4    1    4    4    1    2    2    4
[2,]    3    3    4    4    3    1    3    2
[3,]    2    2    4    3    2    4    3    4
[4,]    2    2    3    4    2    4    3    1
[5,]    2    2    4    4    4    4    3    4
[6,]    2    2    3    3    3    3    2    2
[7,]    2    2    2    4    1    3    3    2
[8,]    4    1    4    4    3    3    3    4

UNAM, Random:
self transition frequency: 0.321 
average self transition probability: 0.3201907 
minimum self transition probability: 0.2368488 
fraction of time max pr > 1/2: 0.4133594 

equal neighbors: mean 62.83413  variance 76.0322 
eq
  34   35   36   37   38   39   40   41   42   43   44   45   46   47   48   49 
   1    5    3   12   13   15   36   39   76  120  191  333  495  806 1146 1554 
  50   51   52   53   54   55   56   57   58   59   60   61   62   63   64   65 
1969 2402 3060 3519 4072 4811 5331 5783 5976 6304 6403 6369 6428 6127 5944 5346 
  66   67   68   69   70   71   72   73   74   75   76   77   78   79   80   81 
5037 4934 4544 4056 3529 3012 2800 2324 1997 1709 1307 1084 1000  823  755  637 
  82   83   84   85   86   87   88   89   90   91   92   93   94   95   96   97 
 475  420  333  291  276  237  193  182  193  150  199  125   81   76   77   50 
  98   99  100  101  102  103  104  105  106  107  108  109  110 
  69   35   17   59   44   41   11   41   16   17   10   24   21 

count of 1 values: mean 16.23659  variance 74.3787 

sum sq counts: mean 1319.679  variance 82162.61 

final counts: 14 12 27 11 

   user  system elapsed 
  4.735   0.000   4.735 
     [,1] [,2] [,3] [,4] [,5] [,6] [,7] [,8]
[1,]    2    1    1    2    1    3    3    3
[2,]    4    4    4    3    2    2    3    3
[3,]    4    4    3    3    3    1    1    2
[4,]    4    3    3    3    3    4    1    4
[5,]    3    3    3    3    3    3    1    4
[6,]    3    3    3    3    3    3    2    2
[7,]    4    1    3    3    4    2    2    1
[8,]    1    2    1    1    1    1    2    2

UNAM, Sequential:
self transition frequency: 0.3231875 
average self transition probability: 0.3222024 
minimum self transition probability: 0.2371659 
fraction of time max pr > 1/2: 0.4142578 

equal neighbors: mean 62.70439  variance 72.6844 
eq
  33   34   35   36   37   38   39   40   41   42   43   44   45   46   47   48 
   1    3    5    1    2    4   30   40   71  129  197  282  470  674  884 1243 
  49   50   51   52   53   54   55   56   57   58   59   60   61   62   63   64 
1503 1896 2232 2855 3541 4043 4858 5523 5637 5992 6438 6333 6349 6425 6028 5568 
  65   66   67   68   69   70   71   72   73   74   75   76   77   78   79   80 
5568 5000 4568 4587 3804 3343 2892 2820 2389 1983 1818 1559 1420 1203  964  858 
  81   82   83   84   85   86   87   88   89   90   91   92   93   94   95   96 
 655  621  516  493  407  225  192  125  137  103  110   72   50   42   37   77 
  97   98   99  100  101  103  104 
  26   18    8   22   13   12    6 

count of 1 values: mean 16.11722  variance 73.75409 

sum sq counts: mean 1316.668  variance 70561.04 

final counts: 25 19 8 12 

   user  system elapsed 
  4.719   0.000   4.719 
     [,1] [,2] [,3] [,4] [,5] [,6] [,7] [,8]
[1,]    2    1    1    1    2    4    4    2
[2,]    4    4    4    2    2    4    3    2
[3,]    4    4    1    2    2    2    3    4
[4,]    1    1    2    1    2    2    2    4
[5,]    1    1    1    3    3    3    2    1
[6,]    1    1    1    3    3    3    2    2
[7,]    1    1    1    2    1    1    1    1
[8,]    2    1    1    1    4    4    1    2

UNAM, Shuffled Sequential:
self transition frequency: 0.3113359 
average self transition probability: 0.3123487 
minimum self transition probability: 0.227658 
fraction of time max pr > 1/2: 0.4004453 

equal neighbors: mean 61.84156  variance 71.8741 
eq
  35   36   37   38   39   40   41   42   43   44   45   46   47   48   49   50 
   4    1   12   22   30   52   77  110  190  319  534  754  990 1286 1738 2383 
  51   52   53   54   55   56   57   58   59   60   61   62   63   64   65   66 
2906 3443 4121 4578 5040 5548 6052 6271 6498 6620 6736 6636 6217 6034 5457 4976 
  67   68   69   70   71   72   73   74   75   76   77   78   79   80   81   82 
4476 4105 3487 3167 2593 2412 1920 1600 1262 1126  874  838  620  545  515  317 
  83   84   85   86   87   88   89   90   91   92   93   94   95   96   97   98 
 344  299  223  167  185  164  181   89   94  128   83   58   69   40   33   41 
  99  100  101  102  103  104  105  106  107  108  109  110  111  112  113  114 
  40   13   24   20   44   20   13   14   20    3    6    1   34    4    7   11 
 115  116  117 
   8   19    9 

count of 1 values: mean 15.50583  variance 62.0715 

sum sq counts: mean 1290.364  variance 68083.27 

final counts: 4 14 23 23 

   user  system elapsed 
  4.712   0.000   4.712 
     [,1] [,2] [,3] [,4] [,5] [,6] [,7] [,8]
[1,]    1    3    3    3    3    4    4    3
[2,]    3    3    3    4    4    3    3    3
[3,]    4    1    3    3    4    2    2    2
[4,]    4    4    4    3    3    4    2    2
[5,]    2    2    2    1    3    4    2    3
[6,]    2    4    4    4    4    2    4    2
[7,]    4    4    4    4    4    2    2    1
[8,]    3    3    3    3    3    4    4    3

UNAM, Checkerboard:
self transition frequency: 0.3169297 
average self transition probability: 0.3153978 
minimum self transition probability: 0.2306902 
fraction of time max pr > 1/2: 0.4050625 

equal neighbors: mean 62.06126  variance 69.49841 
eq
  34   35   36   37   38   39   40   41   42   43   44   45   46   47   48   49 
   1    3    6    1   11   21   56   86  155  226  363  515  675  843 1174 1607 
  50   51   52   53   54   55   56   57   58   59   60   61   62   63   64   65 
2043 2735 3484 3854 4654 4933 5514 5833 6073 6552 6493 6625 6348 6325 6150 5450 
  66   67   68   69   70   71   72   73   74   75   76   77   78   79   80   81 
5097 4921 4355 3666 3279 2678 2363 2081 1620 1428 1148  933  760  673  629  486 
  82   83   84   85   86   87   88   89   90   91   92   93   94   95   96   97 
 488  453  348  238  247  228  198  136  164  126   93   95   60   26   26   36 
  98   99  100  101  102  103  104  106  108 
   3   20   19    5   28   17    5    5   10 

count of 1 values: mean 15.47069  variance 60.72527 

sum sq counts: mean 1298.577  variance 68782.86 

final counts: 29 5 25 5 

   user  system elapsed 
  4.719   0.004   4.723 
     [,1] [,2] [,3] [,4] [,5] [,6] [,7] [,8]
[1,]    3    3    3    4    1    1    1    3
[2,]    1    3    3    3    1    1    1    3
[3,]    1    1    3    3    1    1    1    1
[4,]    1    1    4    4    1    1    1    1
[5,]    2    2    1    4    1    1    2    1
[6,]    3    3    4    1    1    3    3    3
[7,]    3    2    3    1    3    3    3    3
[8,]    3    2    3    1    1    3    1    3

UNAM, Random order:
self transition frequency: 0.3122266 
average self transition probability: 0.3133587 
minimum self transition probability: 0.2287853 
fraction of time max pr > 1/2: 0.402 

equal neighbors: mean 61.94203  variance 70.36947 
eq
  35   36   37   38   39   40   41   42   43   44   45   46   47   48   49   50 
   1   25   24   25   59   66   98  156  281  375  596  831 1120 1415 1773 2192 
  51   52   53   54   55   56   57   58   59   60   61   62   63   64   65   66 
2696 3369 3976 4407 4882 5352 5709 6174 6431 6592 6462 6211 6153 5700 5421 5109 
  67   68   69   70   71   72   73   74   75   76   77   78   79   80   81   82 
4656 4204 3701 3233 2786 2404 2086 1748 1415 1317 1117  999  729  642  598  444 
  83   84   85   86   87   88   89   90   91   92   93   94   95   96   97   98 
 451  367  291  242  173  140  144   84   55   51   40   37   72   40   24   15 
  99  100  101  102 
   4    5    4    1 

count of 1 values: mean 15.7668  variance 69.50141 

sum sq counts: mean 1297.253  variance 63493.34 

final counts: 11 32 15 6 

   user  system elapsed 
  4.714   0.000   4.713 
     [,1] [,2] [,3] [,4] [,5] [,6] [,7] [,8]
[1,]    1    2    2    3    1    1    1    2
[2,]    3    2    1    3    2    1    1    3
[3,]    3    2    2    2    2    3    1    2
[4,]    2    2    2    2    2    3    2    2
[5,]    2    2    2    2    2    3    3    2
[6,]    2    2    1    3    3    3    4    2
[7,]    2    4    2    3    1    4    4    2
[8,]    2    3    2    3    1    4    4    2

UNAM, Random order x4:
self transition frequency: 0.3161875 
average self transition probability: 0.3152559 
minimum self transition probability: 0.2295404 
fraction of time max pr > 1/2: 0.4033906 

equal neighbors: mean 62.00283  variance 66.48684 
eq
  34   35   36   37   38   39   40   41   42   43   44   45   46   47   48   49 
   1    4    4   23   34   48   56   78  121  187  287  471  687  960 1395 1767 
  50   51   52   53   54   55   56   57   58   59   60   61   62   63   64   65 
2201 2743 3339 3863 4447 5029 5681 6117 6194 6401 6106 6278 5964 5895 5688 5309 
  66   67   68   69   70   71   72   73   74   75   76   77   78   79   80   81 
5113 4716 4368 3989 3598 3069 2424 2258 2004 1689 1368 1191  854  710  663  643 
  82   83   84   85   86   87   88   89   90   91   92   93   94   95   96   97 
 399  356  339  179  172  112   72   75   56   36   47   24   33   22   17   17 
  98   99  101 
   2    3    4 

count of 1 values: mean 15.68841  variance 59.72324 

sum sq counts: mean 1283.621  variance 51873.65 

final counts: 7 13 28 16 

   user  system elapsed 
  4.734   0.000   4.735 
     [,1] [,2] [,3] [,4] [,5] [,6] [,7] [,8]
[1,]    3    2    2    2    2    1    3    3
[2,]    3    2    2    2    1    4    4    1
[3,]    3    3    2    2    1    1    4    3
[4,]    4    3    4    3    3    2    4    4
[5,]    3    3    4    4    4    2    1    4
[6,]    3    2    4    3    3    4    3    3
[7,]    3    3    3    3    4    4    3    3
[8,]    3    3    1    2    3    4    3    3

DNAM, Random:
self transition frequency: 0.2395937 
average self transition probability: 0.2397465 
minimum self transition probability: 0.2290564 
fraction of time max pr > 1/2: 0.4028516 

equal neighbors: mean 61.95684  variance 70.54084 
eq
  33   34   35   36   37   38   39   40   41   42   43   44   45   46   47   48 
   4   11   20   24   37   39   51   94  124  195  235  371  559  727 1012 1426 
  49   50   51   52   53   54   55   56   57   58   59   60   61   62   63   64 
1849 2381 2962 3438 3894 4545 5044 5422 5679 5978 6124 6277 6142 6095 5850 5687 
  65   66   67   68   69   70   71   72   73   74   75   76   77   78   79   80 
5211 4829 4540 4207 3765 3286 3112 2795 2415 2196 1619 1358 1163 1092  815  663 
  81   82   83   84   85   86   87   88   89   90   91   92   93   94   95   96 
 552  416  336  289  200  134  137   86  113   77   49   22   45   32   38   21 
  97   98   99  100  101  102  103  104  107 
  12    7   21    9    8    3   17   13    1 

count of 1 values: mean 15.41061  variance 62.51848 

sum sq counts: mean 1304.203  variance 61056.16 

final counts: 15 8 10 31 

   user  system elapsed 
  3.497   0.004   3.501 
     [,1] [,2] [,3] [,4] [,5] [,6] [,7] [,8]
[1,]    1    3    4    4    4    4    2    2
[2,]    1    1    4    3    1    4    2    2
[3,]    3    2    4    4    4    4    3    3
[4,]    4    1    1    4    4    4    3    3
[5,]    2    3    3    4    4    4    4    3
[6,]    1    1    4    4    1    4    4    1
[7,]    2    1    4    2    1    4    4    1
[8,]    1    1    4    4    4    4    4    4

DNAM, Sequential:
self transition frequency: 0.2415 
average self transition probability: 0.2416004 
minimum self transition probability: 0.2302428 
fraction of time max pr > 1/2: 0.4038438 

equal neighbors: mean 62.04415  variance 64.53666 
eq
  34   35   36   37   38   39   40   41   42   43   44   45   46   47   48   49 
   1    2    3    1    4   10   34   59  107  188  304  409  579  858 1242 1647 
  50   51   52   53   54   55   56   57   58   59   60   61   62   63   64   65 
2120 2664 3155 3699 4323 5059 5555 6143 6405 6684 6689 6641 6495 6259 5734 5498 
  66   67   68   69   70   71   72   73   74   75   76   77   78   79   80   81 
5009 4625 4253 3844 3480 3041 2650 2180 1767 1472 1289 1031  914  780  542  484 
  82   83   84   85   86   87   88   89   90   91   92   93   94   95   96   97 
 460  335  240  195  158  117  113  103   47   28   38   34   14   42    8   13 
  98   99  100  101  102  103  104  105  107  108  109  110  112  114 
  14    9   34    5    4    3   10   17    7    5    7    3    1    4 

count of 1 values: mean 16.0133  variance 62.6048 

sum sq counts: mean 1281.386  variance 49875.94 

final counts: 20 12 29 3 

   user  system elapsed 
  3.477   0.004   3.481 
     [,1] [,2] [,3] [,4] [,5] [,6] [,7] [,8]
[1,]    3    2    4    1    1    3    3    3
[2,]    3    4    1    3    1    3    3    3
[3,]    3    1    3    2    3    3    3    2
[4,]    3    3    3    1    3    3    3    3
[5,]    1    1    1    1    3    2    3    3
[6,]    1    1    1    2    1    2    3    3
[7,]    1    1    1    2    4    2    3    3
[8,]    1    1    1    2    2    2    3    2

DNAM, Shuffled Sequential:
self transition frequency: 0.2399688 
average self transition probability: 0.2398596 
minimum self transition probability: 0.2286459 
fraction of time max pr > 1/2: 0.4014766 

equal neighbors: mean 61.87777  variance 69.78821 
eq
  34   35   36   37   38   39   40   41   42   43   44   45   46   47   48   49 
   2    4    9   13   29   43   85  115  152  249  377  565  764  989 1304 1707 
  50   51   52   53   54   55   56   57   58   59   60   61   62   63   64   65 
2177 2690 3331 3997 4794 5261 5654 6039 6093 6315 6319 6352 6199 6333 5758 5655 
  66   67   68   69   70   71   72   73   74   75   76   77   78   79   80   81 
4855 4447 3949 3755 3399 2769 2426 2105 1844 1529 1266 1187  876  776  701  551 
  82   83   84   85   86   87   88   89   90   91   92   93   94   95   96   97 
 405  394  255  199  146  137   78   90   50   64   70   52   47   36   28   12 
  98   99  101  102  103  106  107  109  110  113  114  115  116  118  120  124 
   3   14    5    2   11    2    4   14    1    1    3   10    3    9   16   26 
 128 
   4 

count of 1 values: mean 16.27203  variance 62.99796 

sum sq counts: mean 1284.327  variance 60499.54 

final counts: 5 19 10 30 

   user  system elapsed 
  3.479   0.000   3.479 
     [,1] [,2] [,3] [,4] [,5] [,6] [,7] [,8]
[1,]    4    4    2    2    4    3    3    2
[2,]    4    2    2    2    2    3    3    3
[3,]    3    3    1    1    2    1    4    2
[4,]    4    4    2    2    4    4    4    4
[5,]    4    4    4    4    4    4    4    4
[6,]    3    4    4    4    4    4    4    4
[7,]    4    3    2    4    4    2    2    2
[8,]    2    3    1    1    4    2    2    2

DNAM, Checkerboard:
self transition frequency: 0.2386719 
average self transition probability: 0.238753 
minimum self transition probability: 0.2279355 
fraction of time max pr > 1/2: 0.4009766 

equal neighbors: mean 61.76445  variance 63.48547 
eq
  35   36   37   38   39   40   41   42   43   44   45   46   47   48   49   50 
   5    6    8    7   27   28   55  118  194  285  431  660  996 1368 1761 2300 
  51   52   53   54   55   56   57   58   59   60   61   62   63   64   65   66 
2767 3231 3821 4498 5183 5828 6203 6303 6353 6791 6722 6522 6336 5785 5604 5018 
  67   68   69   70   71   72   73   74   75   76   77   78   79   80   81   82 
4701 4213 3738 3282 2718 2403 2022 1750 1450 1137 1074  781  623  556  385  318 
  83   84   85   86   87   88   89   90   91   92   93   94   95   96   97   98 
 297  232  143  232  119  108   87   99   59   58   57   56   29   17   32    8 
  99  101 
   1    1 

count of 1 values: mean 15.81117  variance 60.9101 

sum sq counts: mean 1280.318  variance 55619.25 

final counts: 11 17 28 8 

   user  system elapsed 
  3.515   0.008   3.523 
     [,1] [,2] [,3] [,4] [,5] [,6] [,7] [,8]
[1,]    3    2    2    1    1    3    3    3
[2,]    3    2    2    4    1    3    3    3
[3,]    3    2    3    1    1    3    3    3
[4,]    3    2    4    2    3    3    3    3
[5,]    2    2    4    1    3    3    3    4
[6,]    2    2    2    1    3    2    3    2
[7,]    4    2    4    2    1    4    1    4
[8,]    3    2    3    1    1    3    3    3

DNAM, Random order:
self transition frequency: 0.2432656 
average self transition probability: 0.2419677 
minimum self transition probability: 0.230613 
fraction of time max pr > 1/2: 0.4049063 

equal neighbors: mean 62.14766  variance 72.86028 
eq
  34   36   37   38   39   40   41   42   43   44   45   46   47   48   49   50 
   1    2    4    9   32   58   86  185  287  421  605  868 1072 1372 1727 2153 
  51   52   53   54   55   56   57   58   59   60   61   62   63   64   65   66 
2581 3102 3748 4359 4835 5235 5956 6062 6216 6395 6518 6487 6251 5773 5385 5237 
  67   68   69   70   71   72   73   74   75   76   77   78   79   80   81   82 
4517 4196 3647 3296 2947 2547 2236 1973 1513 1260 1079  862  684  523  511  375 
  83   84   85   86   87   88   89   90   91   92   93   94   95   96   97   98 
 372  376  326  300  218  196  150  175  132  160  113  111   41   35   27   23 
  99  100  101  102  103  104 
  13   12   14   13    3    2 

count of 1 values: mean 16.75793  variance 72.94403 

sum sq counts: mean 1300.936  variance 69349.6 

final counts: 14 25 8 17 

   user  system elapsed 
  3.469   0.004   3.473 
     [,1] [,2] [,3] [,4] [,5] [,6] [,7] [,8]
[1,]    4    4    1    2    4    4    4    1
[2,]    4    4    2    2    4    4    2    2
[3,]    1    4    4    3    4    2    2    2
[4,]    3    1    3    2    2    2    1    2
[5,]    1    2    1    4    4    2    4    1
[6,]    3    2    2    2    2    2    3    3
[7,]    3    2    1    2    2    2    2    3
[8,]    4    1    1    1    4    2    1    1

DNAM, Random order x4:
self transition frequency: 0.2356094 
average self transition probability: 0.2355371 
minimum self transition probability: 0.2251945 
fraction of time max pr > 1/2: 0.3965234 

equal neighbors: mean 61.63087  variance 63.83045 
eq
  35   36   37   38   39   40   41   42   43   44   45   46   47   48   49   50 
   6   14   24   42   39   63  109  149  223  388  582  795 1065 1389 1905 2267 
  51   52   53   54   55   56   57   58   59   60   61   62   63   64   65   66 
2863 3354 3911 4556 5061 5588 5811 6141 6473 6572 6479 6540 6218 5953 5612 5101 
  67   68   69   70   71   72   73   74   75   76   77   78   79   80   81   82 
4526 4101 3691 3381 2852 2454 2171 1830 1483 1239  996  878  564  475  383  359 
  83   84   85   86   87   88   89   90   91   92   93   94   95   96   97   98 
 257  217  239  165  114   65   65   36   27   38   29   12   20    4   17   15 
  99 
   4 

count of 1 values: mean 15.92611  variance 60.16546 

sum sq counts: mean 1273.484  variance 44973.93 

final counts: 14 9 8 33 

   user  system elapsed 
  3.485   0.000   3.485 
     [,1] [,2] [,3] [,4] [,5] [,6] [,7] [,8]
[1,]    1    1    4    1    1    4    4    4
[2,]    1    1    4    3    4    4    4    3
[3,]    2    2    3    3    3    4    4    2
[4,]    2    2    4    1    1    4    4    2
[5,]    3    4    2    1    3    4    4    4
[6,]    4    2    4    1    2    4    4    4
[7,]    1    4    4    3    4    4    4    4
[8,]    1    1    4    4    4    4    4    1

UDNAM, Random:
self transition frequency: 0.2743125 
average self transition probability: 0.2737126 
minimum self transition probability: 0.2249445 
fraction of time max pr > 1/2: 0.3964531 

equal neighbors: mean 61.49221  variance 66.07442 
eq
  34   35   36   37   38   39   40   41   42   43   44   45   46   47   48   49 
   4    6    7   17   22   45   78  112  191  291  415  577  774 1104 1500 2015 
  50   51   52   53   54   55   56   57   58   59   60   61   62   63   64   65 
2662 3017 3558 4164 4530 5010 5314 5598 5972 6384 6581 6624 6449 6381 5791 5870 
  66   67   68   69   70   71   72   73   74   75   76   77   78   79   80   81 
5335 4724 3970 3419 3254 2793 2226 2028 1585 1467 1238  925  717  604  443  366 
  82   83   84   85   86   87   88   89   90   91   92   93   94   95   96   97 
 307  250  184  225  135  114   86   68   43   52   72   41   40   26   30   33 
  98   99  100  101  102  103  104  105  106  108 
  45   29    4   20    8   15    5    3    4    4 

count of 1 values: mean 15.96037  variance 61.18128 

sum sq counts: mean 1271.441  variance 53961.52 

final counts: 12 12 16 24 

   user  system elapsed 
  6.981   0.004   6.986 
     [,1] [,2] [,3] [,4] [,5] [,6] [,7] [,8]
[1,]    3    2    1    4    1    4    4    4
[2,]    3    1    4    2    3    3    4    4
[3,]    4    3    2    2    2    2    4    4
[4,]    4    4    1    4    4    2    2    4
[5,]    4    4    1    4    4    2    1    4
[6,]    1    3    3    3    3    2    1    1
[7,]    3    3    3    3    3    3    4    4
[8,]    2    2    1    3    1    1    4    4

UDNAM, Sequential:
self transition frequency: 0.2758359 
average self transition probability: 0.2758191 
minimum self transition probability: 0.2272717 
fraction of time max pr > 1/2: 0.3997656 

equal neighbors: mean 61.66283  variance 61.64041 
eq
  35   36   38   39   40   41   42   43   44   45   46   47   48   49   50   51 
   2    1    5   18   17   68  135  208  287  472  717 1018 1452 1869 2158 2831 
  52   53   54   55   56   57   58   59   60   61   62   63   64   65   66   67 
3433 4005 4429 5095 5522 5978 6263 6430 6624 6646 6691 6165 6041 5638 5142 4990 
  68   69   70   71   72   73   74   75   76   77   78   79   80   81   82   83 
4182 4006 3455 2924 2360 2019 1556 1242 1103  865  733  608  444  404  319  217 
  84   85   86   87   88   89   90   91   92   93   94   95   96   97   98  100 
 282  133  192   97  137   98  103   51   37   17   18   15   14    3    9    1 
 101 
   6 

count of 1 values: mean 15.9112  variance 66.77685 

sum sq counts: mean 1282.399  variance 50734.41 

final counts: 4 18 5 37 

   user  system elapsed 
  6.931   0.008   6.939 
     [,1] [,2] [,3] [,4] [,5] [,6] [,7] [,8]
[1,]    4    2    2    2    4    4    4    4
[2,]    4    4    4    4    4    4    4    4
[3,]    1    2    2    2    2    4    4    1
[4,]    2    2    4    4    2    4    4    4
[5,]    2    3    4    4    2    3    1    4
[6,]    2    2    4    4    2    2    4    4
[7,]    2    2    3    4    1    4    4    4
[8,]    4    4    3    3    4    4    4    4

UDNAM, Shuffled Sequential:
self transition frequency: 0.2791094 
average self transition probability: 0.2789647 
minimum self transition probability: 0.2308998 
fraction of time max pr > 1/2: 0.4058203 

equal neighbors: mean 62.10794  variance 71.36202 
eq
  34   35   36   37   38   39   40   41   42   43   44   45   46   47   48   49 
   1    6   11   13   17   26   50   84  137  215  330  516  683  967 1271 1699 
  50   51   52   53   54   55   56   57   58   59   60   61   62   63   64   65 
2169 2745 3384 4064 4545 5015 5485 5943 6200 6346 6278 6421 6281 6106 5686 5390 
  66   67   68   69   70   71   72   73   74   75   76   77   78   79   80   81 
4904 4367 4041 3597 3343 2893 2613 2453 1955 1718 1526 1083  935  754  611  547 
  82   83   84   85   86   87   88   89   90   91   92   93   94   95   96   97 
 388  336  326  218  214  151  142  123   68   74   46   48   50   49   43   69 
  98   99  100  101  102  103  104  105  106  108 
  55   25   40   32   34   10   17    7    5    6 

count of 1 values: mean 16.04058  variance 66.80177 

sum sq counts: mean 1297.346  variance 62541.46 

final counts: 20 19 7 18 

   user  system elapsed 
  6.841   0.004   6.844 
     [,1] [,2] [,3] [,4] [,5] [,6] [,7] [,8]
[1,]    1    4    4    2    2    3    4    1
[2,]    1    4    4    2    2    4    4    1
[3,]    4    2    2    1    1    4    4    4
[4,]    4    4    4    3    3    4    1    1
[5,]    2    4    1    3    2    2    2    1
[6,]    1    1    3    3    2    2    1    1
[7,]    1    1    2    2    2    2    2    1
[8,]    1    1    4    2    2    3    4    1

UDNAM, Checkerboard:
self transition frequency: 0.2801719 
average self transition probability: 0.2788532 
minimum self transition probability: 0.2301933 
fraction of time max pr > 1/2: 0.4041641 

equal neighbors: mean 62.1077  variance 68.77794 
eq
  34   35   36   37   38   39   40   41   42   43   44   45   46   47   48   49 
   2    3    5    8   15   41   49   82  143  208  319  436  683  899 1258 1653 
  50   51   52   53   54   55   56   57   58   59   60   61   62   63   64   65 
2058 2661 3292 3700 4391 4909 5514 5901 6273 6786 6720 6599 6480 6288 5866 5595 
  66   67   68   69   70   71   72   73   74   75   76   77   78   79   80   81 
4924 4711 4082 3635 3211 2624 2267 2063 1695 1663 1392 1165  875  849  757  615 
  82   83   84   85   86   87   88   89   90   91   92   93   94   95   96   97 
 454  421  316  340  231  205  101  107   66   68   54   47   22   36   14   20 
  98   99  100  101  102  103  104  105  106  107  109  110  111  113  114 
   7   13   16   11   30   17    7    3   16    1    3    5    1    1    2 

count of 1 values: mean 15.79561  variance 64.30634 

sum sq counts: mean 1294.869  variance 61136.1 

final counts: 2 12 26 24 

   user  system elapsed 
  6.888   0.000   6.888 
     [,1] [,2] [,3] [,4] [,5] [,6] [,7] [,8]
[1,]    4    4    4    3    4    4    4    4
[2,]    3    4    4    2    3    3    3    3
[3,]    3    3    2    4    3    2    3    3
[4,]    2    1    3    3    3    1    4    3
[5,]    4    4    3    3    3    4    4    3
[6,]    2    4    3    3    3    3    2    2
[7,]    2    2    3    3    4    4    2    2
[8,]    2    4    4    4    4    4    4    3

UDNAM, Random order:
self transition frequency: 0.2768359 
average self transition probability: 0.2763693 
minimum self transition probability: 0.2279363 
fraction of time max pr > 1/2: 0.4014141 

equal neighbors: mean 61.90251  variance 64.14689 
eq
  35   36   37   38   39   40   41   42   43   44   45   46   47   48   49   50 
   1    5   16   14   37   77  117  177  237  353  539  713 1008 1393 1746 2087 
  51   52   53   54   55   56   57   58   59   60   61   62   63   64   65   66 
2467 3107 3686 4296 4888 5259 5922 6213 6683 6749 6587 6648 6381 6047 5642 5193 
  67   68   69   70   71   72   73   74   75   76   77   78   79   80   81   82 
4489 4184 3697 3567 3199 2611 2100 1741 1570 1238  986  824  629  534  436  312 
  83   84   85   86   87   88   89   90   91   92   93   94   95   96   97   98 
 264  239  235  190  166   92   90  108   55   44   51   35    4   10    1    9 
 101 
   2 

count of 1 values: mean 16.39813  variance 64.02736 

sum sq counts: mean 1278.042  variance 47660.23 

final counts: 18 11 8 27 

   user  system elapsed 
  6.908   0.004   6.912 
     [,1] [,2] [,3] [,4] [,5] [,6] [,7] [,8]
[1,]    3    3    4    4    4    4    1    3
[2,]    1    2    2    4    4    4    2    4
[3,]    4    2    2    1    1    4    4    4
[4,]    4    1    4    4    4    2    2    4
[5,]    4    3    4    1    1    1    1    4
[6,]    2    3    4    1    1    1    1    2
[7,]    4    1    4    1    2    3    1    2
[8,]    3    4    4    3    4    4    1    1

UDNAM, Random order x4:
self transition frequency: 0.2745781 
average self transition probability: 0.2760746 
minimum self transition probability: 0.2278694 
fraction of time max pr > 1/2: 0.4011094 

equal neighbors: mean 61.83297  variance 66.21076 
eq
  31   32   33   34   35   36   37   38   39   40   41   42   43   44   45   46 
   1    1    2    1    2    1    2   12   15   49   89  137  233  345  454  647 
  47   48   49   50   51   52   53   54   55   56   57   58   59   60   61   62 
 973 1238 1785 2368 2972 3427 3968 4503 5151 5449 5970 6248 6428 6530 6539 6288 
  63   64   65   66   67   68   69   70   71   72   73   74   75   76   77   78 
6171 5747 5577 5293 4744 4242 3643 3101 2717 2403 2075 1789 1530 1342 1176  922 
  79   80   81   82   83   84   85   86   87   88   89   90   91   92   93   94 
 751  583  462  347  298  231  180  131  114  108   61   76   48   57   23   31 
  95   96   97   98   99  100  101  102  103  104  105  106  107  108  109  110 
   7   28   11   17    5   21    5   13    3   49    1   10    1   10    3   15 

count of 1 values: mean 15.78122  variance 67.43394 

sum sq counts: mean 1286.532  variance 56097.76 

final counts: 17 15 7 25 

   user  system elapsed 
  6.762   0.004   6.767 
     [,1] [,2] [,3] [,4] [,5] [,6] [,7] [,8]
[1,]    4    1    3    2    1    2    4    2
[2,]    4    4    1    2    1    1    4    2
[3,]    4    4    1    2    1    1    4    2
[4,]    4    4    1    2    2    1    3    2
[5,]    3    4    4    4    1    2    4    4
[6,]    4    4    1    4    2    4    2    3
[7,]    4    3    1    1    1    4    4    3
[8,]    2    3    1    2    1    4    4    4

ZDNAM, Random:
self transition frequency: 0.2329688 
average self transition probability: 0.2329037 
minimum self transition probability: 0.2322721 
fraction of time max pr > 1/2: 0.4077891 

equal neighbors: mean 62.4289  variance 69.24624 
eq
  35   36   37   38   39   40   41   42   43   44   45   46   47   48   49   50 
   1    4    9    9   25   37   64  103  154  229  419  615  775 1162 1564 1926 
  51   52   53   54   55   56   57   58   59   60   61   62   63   64   65   66 
2570 2974 3586 4269 4788 5225 5725 6208 6617 6709 6696 6589 6470 5960 5835 5160 
  67   68   69   70   71   72   73   74   75   76   77   78   79   80   81   82 
4650 4200 3828 3318 2897 2468 2200 1894 1616 1387 1135 1053  850  677  553  485 
  83   84   85   86   87   88   89   90   91   92   93   94   95   96   97   98 
 364  345  235  280  168  140  105   89   68   62   68   53   33   44   42   27 
  99  100  101  102  103  105  106  107  108  109  110  112  114 
  29   31   27    6   16    3   18   13    2    1   12   17   14 

count of 1 values: mean 16.49873  variance 75.07126 

sum sq counts: mean 1309.522  variance 67950.09 

final counts: 25 8 17 14 

   user  system elapsed 
  3.142   0.004   3.146 
     [,1] [,2] [,3] [,4] [,5] [,6] [,7] [,8]
[1,]    3    3    3    1    2    2    4    4
[2,]    3    3    1    1    1    4    1    3
[3,]    4    3    1    2    1    4    2    3
[4,]    2    1    1    1    2    2    4    3
[5,]    1    1    1    1    3    3    4    4
[6,]    4    1    1    1    1    3    4    1
[7,]    3    3    2    1    1    1    4    3
[8,]    1    4    3    1    3    1    4    4

ZDNAM, Sequential:
self transition frequency: 0.226875 
average self transition probability: 0.2266114 
minimum self transition probability: 0.2265163 
fraction of time max pr > 1/2: 0.3990156 

equal neighbors: mean 62.00895  variance 62.04876 
eq
  35   36   37   38   39   40   41   42   43   44   45   46   47   48   49   50 
   2    1    6    5   12   27   69  115  177  283  369  618  924 1221 1605 2078 
  51   52   53   54   55   56   57   58   59   60   61   62   63   64   65   66 
2569 3185 3763 4336 4991 5594 6160 6393 6339 6502 6411 6576 6222 6071 5587 5355 
  67   68   69   70   71   72   73   74   75   76   77   78   79   80   81   82 
4934 4407 4006 3625 2941 2546 2040 1832 1512 1302 1039  830  597  578  471  351 
  83   84   85   86   87   88   89   90   91   92   93   94   95   96   97   98 
 304  217  205  123  110   93   75   79   70   27   30   36    8   12    2    5 
  99  100  101  102  104 
   8    6    3    1    9 

count of 1 values: mean 16.67741  variance 72.18153 

sum sq counts: mean 1283.763  variance 51396.77 

final counts: 4 21 26 13 

   user  system elapsed 
  3.152   0.000   3.153 
     [,1] [,2] [,3] [,4] [,5] [,6] [,7] [,8]
[1,]    2    2    3    4    4    3    2    4
[2,]    3    4    4    4    4    3    3    4
[3,]    4    4    3    3    2    2    2    2
[4,]    2    3    3    3    2    2    2    2
[5,]    3    3    3    1    1    2    2    2
[6,]    4    3    3    4    1    3    3    2
[7,]    3    2    3    1    3    2    4    3
[8,]    3    2    2    2    3    3    3    3

ZDNAM, Shuffled Sequential:
self transition frequency: 0.2299141 
average self transition probability: 0.2294651 
minimum self transition probability: 0.2291676 
fraction of time max pr > 1/2: 0.4028203 

equal neighbors: mean 62.0051  variance 67.32571 
eq
  35   36   37   38   39   40   41   42   43   44   45   46   47   48   49   50 
   3    7   21   22   44   63   90  142  210  289  465  652  903 1225 1618 2131 
  51   52   53   54   55   56   57   58   59   60   61   62   63   64   65   66 
2736 3269 3892 4436 5032 5420 6044 6247 6438 6694 6664 6664 6308 5939 5510 5068 
  67   68   69   70   71   72   73   74   75   76   77   78   79   80   81   82 
4596 4183 3596 3313 2737 2320 1978 1863 1553 1316 1082  905  764  590  486  443 
  83   84   85   86   87   88   89   90   91   92   93   94   95   96   97   98 
 373  293  205  184  159  141  110  115   74   56   60   52   37   50   51   43 
  99  100  101  102 
  14    4    2    6 

count of 1 values: mean 15.74014  variance 62.47598 

sum sq counts: mean 1291.211  variance 59747.16 

final counts: 14 33 12 5 

   user  system elapsed 
  3.110   0.004   3.113 
     [,1] [,2] [,3] [,4] [,5] [,6] [,7] [,8]
[1,]    3    2    2    2    1    1    1    2
[2,]    1    2    2    2    1    3    3    3
[3,]    1    2    2    2    1    1    1    2
[4,]    1    2    2    4    2    3    4    1
[5,]    2    2    2    2    3    3    4    2
[6,]    3    2    2    2    3    3    3    2
[7,]    2    2    2    3    2    2    4    2
[8,]    2    2    2    4    1    1    1    2

ZDNAM, Checkerboard:
self transition frequency: 0.23 
average self transition probability: 0.2294102 
minimum self transition probability: 0.2292139 
fraction of time max pr > 1/2: 0.4029141 

equal neighbors: mean 61.92716  variance 66.10429 
eq
  33   34   35   36   37   38   39   40   41   42   43   44   45   46   47   48 
   1    1    5    6   22   24   44   55  101  150  199  309  504  696  960 1289 
  49   50   51   52   53   54   55   56   57   58   59   60   61   62   63   64 
1708 2119 2733 3283 3840 4402 4717 5429 5755 6226 6493 6639 6830 6695 6397 6104 
  65   66   67   68   69   70   71   72   73   74   75   76   77   78   79   80 
5683 5294 4762 4292 3589 3222 2934 2453 2033 1723 1373 1230  891  733  674  578 
  81   82   83   84   85   86   87   88   89   90   91   92   93   94   95   96 
 481  370  313  261  184  199  127  128  120  100  104   74   87   81   51   39 
  97   98   99  100 
  30   27   17    7 

count of 1 values: mean 15.78345  variance 64.49358 

sum sq counts: mean 1281.807  variance 52858.57 

final counts: 18 8 14 24 

   user  system elapsed 
  3.145   0.004   3.149 
     [,1] [,2] [,3] [,4] [,5] [,6] [,7] [,8]
[1,]    4    3    1    1    1    1    4    1
[2,]    4    1    4    4    3    1    1    1
[3,]    2    1    4    3    3    1    1    4
[4,]    4    2    4    4    4    4    1    3
[5,]    4    3    3    4    4    2    3    4
[6,]    4    3    2    2    2    1    2    4
[7,]    1    1    4    3    3    4    4    4
[8,]    2    3    3    1    1    3    4    4

ZDNAM, Random order:
self transition frequency: 0.2244531 
average self transition probability: 0.2243496 
minimum self transition probability: 0.2246031 
fraction of time max pr > 1/2: 0.3958437 

equal neighbors: mean 61.52913  variance 62.2519 
eq
  35   37   38   39   40   41   42   43   44   45   46   47   48   49   50   51 
   1    6   19   34   65  107  163  253  347  584  762  941 1391 1703 2158 2706 
  52   53   54   55   56   57   58   59   60   61   62   63   64   65   66   67 
3270 4036 4687 5340 5890 6079 6509 6661 6756 6802 6717 6263 5831 5427 4980 4506 
  68   69   70   71   72   73   74   75   76   77   78   79   80   81   82   83 
4152 3633 3190 2805 2331 1898 1594 1477 1070  834  702  658  497  440  325  285 
  84   85   86   87   88   89   90   91   92   93   94   95   96   97   98   99 
 212  181  139  113  102   85   77   55   31   26   28   19   13   14    3    9 
 100  102 
   3    5 

count of 1 values: mean 15.79642  variance 58.87941 

sum sq counts: mean 1273.126  variance 48598.66 

final counts: 13 24 10 17 

   user  system elapsed 
  3.175   0.008   3.182 
     [,1] [,2] [,3] [,4] [,5] [,6] [,7] [,8]
[1,]    1    1    1    3    2    2    2    2
[2,]    4    1    1    4    2    2    2    2
[3,]    4    1    2    4    2    2    2    4
[4,]    4    3    3    2    2    4    4    4
[5,]    4    3    3    2    4    4    4    4
[6,]    3    1    3    4    4    4    3    3
[7,]    1    1    2    2    2    2    2    1
[8,]    1    1    1    3    2    2    2    2

ZDNAM, Random order x4:
self transition frequency: 0.2218281 
average self transition probability: 0.2230996 
minimum self transition probability: 0.2238152 
fraction of time max pr > 1/2: 0.3953047 

equal neighbors: mean 61.37898  variance 61.39679 
eq
  32   33   34   35   36   37   38   39   40   41   42   43   44   45   46   47 
   1    1    4    6    5   16   23   44   77  110  180  300  367  534  764 1094 
  48   49   50   51   52   53   54   55   56   57   58   59   60   61   62   63 
1395 1813 2360 2835 3562 4177 4640 5160 5567 5874 6315 6627 6803 6857 6711 6382 
  64   65   66   67   68   69   70   71   72   73   74   75   76   77   78   79 
6122 5508 5029 4630 4003 3475 3010 2819 2340 1847 1531 1339 1074  929  743  630 
  80   81   82   83   84   85   86   87   88   89   90   91   92   93   94   95 
 461  393  357  198  179  190  180  106   93   72   63   33   20   16    3    1 
  96 
   2 

count of 1 values: mean 16.27596  variance 60.48112 

sum sq counts: mean 1267.578  variance 41484.99 

final counts: 15 10 33 6 

   user  system elapsed 
  3.184   0.004   3.187 
     [,1] [,2] [,3] [,4] [,5] [,6] [,7] [,8]
[1,]    3    3    2    3    2    1    1    1
[2,]    3    3    1    3    3    3    3    2
[3,]    3    3    3    3    3    4    1    3
[4,]    3    3    3    3    3    1    1    3
[5,]    3    3    2    2    2    1    2    2
[6,]    3    3    3    1    4    1    1    3
[7,]    3    3    3    3    4    2    1    1
[8,]    3    3    4    4    4    2    1    1
> 
