
R version 4.1.2 (2021-11-01) -- "Bird Hippie"
Copyright (C) 2021 The R Foundation for Statistical Computing
Platform: x86_64-pc-linux-gnu (64-bit)

R is free software and comes with ABSOLUTELY NO WARRANTY.
You are welcome to redistribute it under certain conditions.
Type 'license()' or 'licence()' for distribution details.

R is a collaborative project with many contributors.
Type 'contributors()' for more information and
'citation()' on how to cite R or R packages in publications.

Type 'demo()' for some demos, 'help()' for on-line help, or
'help.start()' for an HTML browser interface to help.
Type 'q()' to quit R.

> # DO THE 8x8 POTTS EXPERIMENTAL RUNS - SET A.
> 
> source("methods.r")
> source("scans.r")
> source("potts-8x8.r")
> source("plot.r")
> 
> rtype <- "a"
> 
> meth <- list (ST=trans_ST, 
+               DST=trans_DST,
+               UST=trans_UST,
+               UDST=trans_UDST,
+               HST=trans_HST,
+               OHST=trans_OHST
+         )
> 
> scan <- list (Random=scan_random,
+               Sequential=scan_sequential,
+               `Shuffled Sequential`=scan_shuffled_sequential,
+               Checkerboard=scan_checkerboard,
+               `Random order`=scan_random_order,
+               `Random order x4`=scan_random_order_x4
+         )
> 
> source("potts-runs-8x8-tail.r")
Shuffle order: 57 4 39 1 34 23 43 14 18 51 33 21 53 42 46 10 7 9 15 52 37 41 25 44 58 60 55 50 54 20 6 49 36 62 40 35 28 29 26 12 59 31 8 38 24 48 32 27 22 64 2 13 30 17 11 61 3 16 56 63 45 19 47 5 

ST, Random:
self transition frequency: 0.2302656 
average self transition probability: 0.2308322 
minimum self transition probability: 0.2306539 
fraction of time max pr > 1/2: 0.4052812 

equal neighbors: mean 62.07767  variance 69.45649 
eq
  31   32   34   35   36   37   38   39   40   41   42   43   44   45   46   47 
   1    1    5    3    5    8   17   40   48   82  143  245  330  523  728  994 
  48   49   50   51   52   53   54   55   56   57   58   59   60   61   62   63 
1349 1767 2284 2855 3291 3877 4399 4919 5217 5780 6160 6254 6411 6408 6186 6239 
  64   65   66   67   68   69   70   71   72   73   74   75   76   77   78   79 
5898 5570 4916 4550 4180 3684 3336 3018 2491 2095 1871 1538 1359 1206 1127  839 
  80   81   82   83   84   85   86   87   88   89   90   91   92   93   94   95 
 715  557  430  371  318  270  202  160  212  115  106   89   61   42   21   25 
  96   97   98   99  100  103 
  20   11    4   10   13    1 

count of 1 values: mean 14.8542  variance 57.6802 

sum sq counts: mean 1285.267  variance 52847.32 

final counts: 15 23 12 14 

   user  system elapsed 
  3.448   0.000   3.448 
     [,1] [,2] [,3] [,4] [,5] [,6] [,7] [,8]
[1,]    1    4    4    4    3    3    1    3
[2,]    2    4    3    2    2    3    2    4
[3,]    2    3    3    1    1    2    2    2
[4,]    2    1    2    2    1    1    2    2
[5,]    1    1    3    2    1    3    2    3
[6,]    1    4    1    1    1    2    4    4
[7,]    3    2    2    4    1    2    4    4
[8,]    2    4    4    4    3    2    2    2

ST, Sequential:
self transition frequency: 0.2266797 
average self transition probability: 0.2265317 
minimum self transition probability: 0.2264515 
fraction of time max pr > 1/2: 0.3986484 

equal neighbors: mean 61.8333  variance 68.46701 
eq
  32   34   35   36   37   38   39   40   41   42   43   44   45   46   47   48 
   1    3    9   18   21   38   48   72  101  141  205  314  480  676 1029 1307 
  49   50   51   52   53   54   55   56   57   58   59   60   61   62   63   64 
1755 2228 2713 3393 4046 4767 5144 5785 5827 6318 6496 6700 6588 6208 6104 5961 
  65   66   67   68   69   70   71   72   73   74   75   76   77   78   79   80 
5470 4895 4676 4163 3485 3030 2718 2352 1876 1782 1363 1301 1020  892  749  580 
  81   82   83   84   85   86   87   88   89   90   91   92   93   94   95   96 
 549  464  388  336  262  236  184  117  144   65   94   46   42   26   67   18 
  97   98   99  100  101  103  105 
  42    7   18    3   33   10    1 

count of 1 values: mean 15.48573  variance 60.84135 

sum sq counts: mean 1283.657  variance 56375.11 

final counts: 3 34 10 17 

   user  system elapsed 
  3.380   0.002   3.383 
     [,1] [,2] [,3] [,4] [,5] [,6] [,7] [,8]
[1,]    2    2    4    4    4    4    4    2
[2,]    2    1    2    3    4    4    2    2
[3,]    3    3    2    2    4    2    2    2
[4,]    2    2    2    2    1    2    2    2
[5,]    2    4    2    2    1    2    2    2
[6,]    3    4    3    2    2    4    2    4
[7,]    4    2    3    3    2    2    2    4
[8,]    2    3    3    3    4    4    4    2

ST, Shuffled Sequential:
self transition frequency: 0.2304219 
average self transition probability: 0.2302763 
minimum self transition probability: 0.2300628 
fraction of time max pr > 1/2: 0.4034844 

equal neighbors: mean 62.00771  variance 70.0542 
eq
  35   36   37   38   39   40   41   42   43   44   45   46   47   48   49   50 
   5   11    9   20   42   46  122  171  273  372  519  704 1053 1430 1751 2282 
  51   52   53   54   55   56   57   58   59   60   61   62   63   64   65   66 
2734 3386 3945 4594 4897 5381 5721 6104 6259 6445 6384 6065 5950 5778 5508 5057 
  67   68   69   70   71   72   73   74   75   76   77   78   79   80   81   82 
4800 4162 3907 3090 2913 2439 2116 1877 1578 1435 1208  928  787  687  555  497 
  83   84   85   86   87   88   89   90   91   92   93   94   95   96   97   98 
 413  288  212  233  163  131  124   84   64   56   46   55   37   18   16    4 
  99  100  101  102  103  104  105  106  107 
   8    7    5    6    7   10    4    8    4 

count of 1 values: mean 15.93095  variance 67.28683 

sum sq counts: mean 1299.137  variance 65137.64 

final counts: 22 18 5 19 

   user  system elapsed 
   3.35    0.00    3.35 
     [,1] [,2] [,3] [,4] [,5] [,6] [,7] [,8]
[1,]    2    4    4    1    4    1    1    2
[2,]    2    4    4    2    3    1    1    2
[3,]    1    4    4    2    4    1    1    3
[4,]    1    4    3    4    4    1    1    2
[5,]    1    4    4    1    4    1    2    2
[6,]    2    3    2    4    1    1    2    2
[7,]    2    3    1    1    1    1    1    2
[8,]    2    2    4    1    4    4    4    2

ST, Checkerboard:
self transition frequency: 0.2243906 
average self transition probability: 0.2247736 
minimum self transition probability: 0.2252846 
fraction of time max pr > 1/2: 0.3968906 

equal neighbors: mean 61.5395  variance 66.62876 
eq
  33   34   35   36   37   38   39   40   41   42   43   44   45   46   47   48 
   1    3    4    2   18   18   25   58   86  153  271  381  600  792 1038 1413 
  49   50   51   52   53   54   55   56   57   58   59   60   61   62   63   64 
1753 2252 2785 3455 4158 4716 5214 5735 6113 6296 6795 6751 6697 6729 6428 6077 
  65   66   67   68   69   70   71   72   73   74   75   76   77   78   79   80 
5432 4830 4344 3730 3400 3133 2623 2310 2002 1552 1399 1082  889  762  606  470 
  81   82   83   84   85   86   87   88   89   90   91   92   93   94   95   96 
 422  331  256  240  208  194  127  129  100  100  106   54   48   34   57   31 
  97   98   99  100  101  102  103  104  106  107  108  110  112  114  118 
  17   15   31   14   11   21    9   11   13    5    5   20    2    2    6 

count of 1 values: mean 15.74889  variance 58.89528 

sum sq counts: mean 1281.749  variance 55839.06 

final counts: 15 27 13 9 

   user  system elapsed 
  3.396   0.004   3.400 
     [,1] [,2] [,3] [,4] [,5] [,6] [,7] [,8]
[1,]    2    1    2    4    4    3    1    4
[2,]    2    2    2    1    4    4    2    2
[3,]    1    2    2    1    1    4    3    3
[4,]    1    2    2    2    2    2    2    1
[5,]    3    3    3    2    2    2    2    3
[6,]    3    2    3    2    2    2    2    2
[7,]    1    4    4    2    1    1    3    3
[8,]    1    1    1    4    2    3    3    1

ST, Random order:
self transition frequency: 0.229 
average self transition probability: 0.228702 
minimum self transition probability: 0.2292067 
fraction of time max pr > 1/2: 0.4029609 

equal neighbors: mean 61.87926  variance 69.4345 
eq
  35   36   37   38   39   40   41   42   43   44   45   46   47   48   49   50 
   5    9   17   26   37   57  104  188  260  394  563  792 1083 1518 1977 2310 
  51   52   53   54   55   56   57   58   59   60   61   62   63   64   65   66 
2827 3255 4013 4615 4909 5291 5726 6007 6095 6193 6377 6232 6270 5979 5652 5053 
  67   68   69   70   71   72   73   74   75   76   77   78   79   80   81   82 
4486 4127 3814 3339 2910 2634 2199 1765 1399 1220 1006  900  816  631  548  391 
  83   84   85   86   87   88   89   90   91   92   93   94   95   96   97   98 
 342  314  298  212  184   95  111   78   78   68   43   20   19   21   32   17 
  99  101  102  103  104  106  107  109 
  21    8    2    3    2    8    3    2 

count of 1 values: mean 16.06969  variance 63.99032 

sum sq counts: mean 1288.443  variance 55637.1 

final counts: 29 13 10 12 

   user  system elapsed 
  3.389   0.000   3.388 
     [,1] [,2] [,3] [,4] [,5] [,6] [,7] [,8]
[1,]    3    4    4    2    1    1    1    3
[2,]    1    4    4    3    1    3    2    1
[3,]    1    3    2    3    4    4    1    1
[4,]    4    3    2    2    1    1    1    1
[5,]    3    3    2    2    2    3    1    1
[6,]    1    1    1    2    4    4    1    1
[7,]    1    4    2    2    1    1    1    1
[8,]    2    4    4    1    1    1    1    2

ST, Random order x4:
self transition frequency: 0.2310859 
average self transition probability: 0.2307296 
minimum self transition probability: 0.2306532 
fraction of time max pr > 1/2: 0.4053672 

equal neighbors: mean 62.03734  variance 68.47875 
eq
  33   35   36   37   38   39   40   41   42   43   44   45   46   47   48   49 
   1    6   10   13   32   26   61   93  129  186  282  483  690 1054 1361 1859 
  50   51   52   53   54   55   56   57   58   59   60   61   62   63   64   65 
2255 2758 3328 3810 4269 4925 5405 5875 6231 6344 6480 6413 6216 6160 6007 5402 
  66   67   68   69   70   71   72   73   74   75   76   77   78   79   80   81 
5179 4515 4294 3725 3243 3011 2532 2099 1674 1467 1423 1134  998  803  738  644 
  82   83   84   85   86   87   88   89   90   91   92   93   94   95   96   97 
 550  368  274  243  256  141  120   81   64   59   16   47   17   23    5   11 
  98   99  100  101  102  104  105  106  107  108  109  110  111  112  114 
   3    3   11    5    1    8    7    4    2   12    5   10    1    2    8 

count of 1 values: mean 16.0441  variance 69.48898 

sum sq counts: mean 1294.818  variance 56131.58 

final counts: 14 25 16 9 

   user  system elapsed 
  3.439   0.000   3.439 
     [,1] [,2] [,3] [,4] [,5] [,6] [,7] [,8]
[1,]    3    4    1    4    1    1    3    3
[2,]    3    4    4    3    1    2    3    3
[3,]    3    4    4    2    2    2    3    3
[4,]    2    2    2    2    3    2    3    2
[5,]    2    2    2    1    1    2    2    2
[6,]    1    2    2    1    1    4    2    2
[7,]    2    2    1    1    1    4    2    3
[8,]    3    2    1    1    2    4    3    3

DST, Random:
self transition frequency: 0.2286797 
average self transition probability: 0.2296029 
minimum self transition probability: 0.2303588 
fraction of time max pr > 1/2: 0.4051094 

equal neighbors: mean 61.92085  variance 65.01936 
eq
  31   32   33   34   35   36   37   38   39   40   41   42   43   44   45   46 
   1    5    4    4    4    9   13   17   36   51   95  168  243  402  627  805 
  47   48   49   50   51   52   53   54   55   56   57   58   59   60   61   62 
1021 1360 1689 2080 2699 3237 3621 4105 4669 5186 5866 6107 6693 6609 6961 6567 
  63   64   65   66   67   68   69   70   71   72   73   74   75   76   77   78 
6411 5908 5644 5349 4597 4154 3564 3313 2902 2666 2143 1872 1536 1336  990  802 
  79   80   81   82   83   84   85   86   87   88   89   90   91   92   93   94 
 733  644  496  427  325  301  229  166   95  134   88   71   65   12   35   13 
  95   96   97   98 
  11    1    9    4 

count of 1 values: mean 15.40734  variance 56.0442 

sum sq counts: mean 1285.35  variance 51911.99 

final counts: 14 20 21 9 

   user  system elapsed 
  5.242   0.000   5.243 
     [,1] [,2] [,3] [,4] [,5] [,6] [,7] [,8]
[1,]    1    3    3    1    1    4    3    1
[2,]    3    3    3    1    4    4    3    2
[3,]    3    4    4    4    2    2    2    1
[4,]    3    1    1    2    2    2    1    3
[5,]    3    3    1    2    2    2    4    1
[6,]    2    1    2    3    2    2    3    3
[7,]    1    3    3    3    1    2    2    2
[8,]    4    4    3    3    2    2    3    2

DST, Sequential:
self transition frequency: 0.2282656 
average self transition probability: 0.2283578 
minimum self transition probability: 0.2284417 
fraction of time max pr > 1/2: 0.4012734 

equal neighbors: mean 61.82313  variance 64.79175 
eq
  34   35   36   37   38   39   40   41   42   43   44   45   46   47   48   49 
   4    3   11   14   19   34   51   86  122  183  305  468  659  942 1295 1649 
  50   51   52   53   54   55   56   57   58   59   60   61   62   63   64   65 
2259 2701 3311 4011 4393 5065 5571 6097 6429 6550 6596 6671 6508 6396 6175 5735 
  66   67   68   69   70   71   72   73   74   75   76   77   78   79   80   81 
5205 4581 4149 3590 3067 2732 2272 2137 1565 1291 1266 1045  853  714  567  536 
  82   83   84   85   86   87   88   89   90   91   92   93   94   95   96   97 
 334  361  232  284  160  147  113   97   65   37   57   37   41   35   37   10 
  98   99  100  101  102  103  104  105  107  108  111 
  19    9    9    9    9    2    4    1    2    1    5 

count of 1 values: mean 15.21005  variance 62.00977 

sum sq counts: mean 1286.27  variance 55750.99 

final counts: 49 2 3 10 

   user  system elapsed 
    5.3     0.0     5.3 
     [,1] [,2] [,3] [,4] [,5] [,6] [,7] [,8]
[1,]    1    1    3    4    4    1    1    1
[2,]    1    1    1    3    1    1    1    1
[3,]    3    1    1    1    1    1    1    1
[4,]    1    1    2    1    1    1    1    1
[5,]    1    1    1    4    1    1    1    1
[6,]    1    1    4    4    1    1    1    1
[7,]    1    1    4    4    2    1    1    1
[8,]    1    1    4    4    4    1    1    1

DST, Shuffled Sequential:
self transition frequency: 0.2272656 
average self transition probability: 0.2274915 
minimum self transition probability: 0.2276223 
fraction of time max pr > 1/2: 0.4010859 

equal neighbors: mean 61.75801  variance 68.90577 
eq
  34   35   36   37   38   39   40   41   42   43   44   45   46   47   48   49 
   1    4    4    8   20   34   59   87  154  247  359  487  781 1037 1413 1834 
  50   51   52   53   54   55   56   57   58   59   60   61   62   63   64   65 
2320 2883 3412 3978 4619 5108 5583 6103 6408 6523 6527 6539 6287 6172 5786 5270 
  66   67   68   69   70   71   72   73   74   75   76   77   78   79   80   81 
5000 4479 4107 3629 3128 2878 2457 2149 1633 1377 1144 1032  785  667  530  463 
  82   83   84   85   86   87   88   89   90   91   92   93   94   95   96   97 
 449  332  316  244  222  140  127   83   64   72   67   54   49   21   62   21 
  98   99  100  101  102  103  104  105  106  107  108  109  110  111  113  115 
  25   14   19   11   18   21   10    8   11    4    5    4    6    1    8    4 
 117 
   3 

count of 1 values: mean 16.17863  variance 68.82646 

sum sq counts: mean 1289.59  variance 58828.24 

final counts: 14 6 15 29 

   user  system elapsed 
  5.314   0.000   5.314 
     [,1] [,2] [,3] [,4] [,5] [,6] [,7] [,8]
[1,]    4    4    4    4    4    4    4    4
[2,]    1    2    4    4    4    4    3    1
[3,]    1    1    4    4    4    4    1    1
[4,]    1    1    1    1    3    3    1    4
[5,]    1    2    3    3    3    3    4    2
[6,]    3    3    3    3    4    1    4    2
[7,]    2    3    3    3    4    1    4    3
[8,]    4    4    4    2    4    4    4    4

DST, Checkerboard:
self transition frequency: 0.2321953 
average self transition probability: 0.2314286 
minimum self transition probability: 0.2311081 
fraction of time max pr > 1/2: 0.4055703 

equal neighbors: mean 62.23448  variance 66.56317 
eq
  34   35   36   37   38   39   40   41   42   43   44   45   46   47   48   49 
   1    3    4    1   12   24   73   74  152  240  324  472  727  932 1277 1692 
  50   51   52   53   54   55   56   57   58   59   60   61   62   63   64   65 
2037 2540 2937 3504 4100 4585 5152 5815 6049 6429 6682 6684 6689 6468 6245 5709 
  66   67   68   69   70   71   72   73   74   75   76   77   78   79   80   81 
5104 4755 4326 3791 3425 2944 2522 2168 1893 1659 1306 1109  980  789  709  534 
  82   83   84   85   86   87   88   89   90   91   92   93   94   95   96   97 
 482  442  267  249  231  124   81   95   62   53   28   70   27   37   25   21 
  98   99  100  101 
  28   19   10    2 

count of 1 values: mean 15.7581  variance 65.77007 

sum sq counts: mean 1290.983  variance 55943.16 

final counts: 13 19 21 11 

   user  system elapsed 
  4.791   0.000   4.792 
     [,1] [,2] [,3] [,4] [,5] [,6] [,7] [,8]
[1,]    3    3    2    2    1    3    2    1
[2,]    1    3    2    2    1    3    1    1
[3,]    2    3    4    4    2    3    1    4
[4,]    2    3    2    4    2    4    4    4
[5,]    3    3    2    2    3    4    3    3
[6,]    3    3    1    2    4    4    2    1
[7,]    2    2    1    3    3    3    4    1
[8,]    1    2    2    3    3    3    2    1

DST, Random order:
self transition frequency: 0.2292969 
average self transition probability: 0.22884 
minimum self transition probability: 0.228581 
fraction of time max pr > 1/2: 0.4021094 

equal neighbors: mean 61.94916  variance 63.98802 
eq
  35   37   38   39   40   41   42   43   44   45   46   47   48   49   50   51 
   1    3   10   19   31   55  114  164  290  455  686  918 1278 1672 2325 2843 
  52   53   54   55   56   57   58   59   60   61   62   63   64   65   66   67 
3321 3919 4385 5005 5419 5864 6175 6567 6531 6364 6463 6356 5889 5568 5080 4646 
  68   69   70   71   72   73   74   75   76   77   78   79   80   81   82   83 
4236 3658 3365 2923 2704 2226 2038 1669 1290 1181  833  641  536  440  395  319 
  84   85   86   87   88   89   90   91   92   93   94   95   96   97   98   99 
 169  189  152  118   88   73   79   80   38   42   48   13   17    6    3    1 
 100  102 
   7    7 

count of 1 values: mean 15.82011  variance 62.29825 

sum sq counts: mean 1281.286  variance 50160.32 

final counts: 5 20 7 32 

   user  system elapsed 
  4.663   0.000   4.663 
     [,1] [,2] [,3] [,4] [,5] [,6] [,7] [,8]
[1,]    2    2    4    1    1    4    4    4
[2,]    2    4    4    1    3    1    4    2
[3,]    4    2    4    2    4    4    4    4
[4,]    2    2    2    2    4    4    4    3
[5,]    4    2    2    2    4    4    4    4
[6,]    4    3    2    2    4    4    4    2
[7,]    4    2    2    2    2    4    3    3
[8,]    4    4    1    4    3    3    4    4

DST, Random order x4:
self transition frequency: 0.2287656 
average self transition probability: 0.2288482 
minimum self transition probability: 0.2290456 
fraction of time max pr > 1/2: 0.4025937 

equal neighbors: mean 61.9444  variance 63.97876 
eq
  34   35   36   37   38   39   40   41   42   43   44   45   46   47   48   49 
   2    6    7   13   26   31   42   75  127  220  320  444  572  889 1220 1629 
  50   51   52   53   54   55   56   57   58   59   60   61   62   63   64   65 
2067 2538 3085 3815 4367 5093 5693 6058 6191 6762 6543 6567 6504 6565 6249 5832 
  66   67   68   69   70   71   72   73   74   75   76   77   78   79   80   81 
5365 4670 4245 3746 3247 2739 2384 2113 1695 1431 1229 1072  868  716  592  437 
  82   83   84   85   86   87   88   89   90   91   92   93   94   95   96   97 
 367  236  199  186  138  144   91   95   46   45   51   36   30   51   27   39 
  98   99  100  101  102  103  104  105  106  107  108  109  110 
  11   14   13    9    3   13    5   10    6   17    3    9    5 

count of 1 values: mean 16.96048  variance 71.45691 

sum sq counts: mean 1287.288  variance 52780.05 

final counts: 25 11 11 17 

   user  system elapsed 
  4.655   0.000   4.655 
     [,1] [,2] [,3] [,4] [,5] [,6] [,7] [,8]
[1,]    1    1    1    4    1    4    1    1
[2,]    1    1    3    1    1    4    3    1
[3,]    2    3    1    1    1    4    4    2
[4,]    4    1    4    3    3    3    4    1
[5,]    4    2    2    3    3    3    1    1
[6,]    4    2    4    4    3    4    1    1
[7,]    2    1    4    4    3    2    1    1
[8,]    1    2    4    4    2    2    2    1

UST, Random:
self transition frequency: 0.2286172 
average self transition probability: 0.229445 
minimum self transition probability: 0.2294829 
fraction of time max pr > 1/2: 0.4024844 

equal neighbors: mean 61.90362  variance 68.31181 
eq
  35   36   37   38   39   40   41   42   43   44   45   46   47   48   49   50 
   2    3    7   16   24   55   80  119  238  391  510  780 1096 1337 1705 2157 
  51   52   53   54   55   56   57   58   59   60   61   62   63   64   65   66 
2604 3352 3875 4525 5027 5529 5890 6363 6455 6692 6554 6383 6293 6073 5382 5108 
  67   68   69   70   71   72   73   74   75   76   77   78   79   80   81   82 
4683 4115 3690 3127 2787 2278 2031 1854 1428 1083 1017  808  747  577  587  478 
  83   84   85   86   87   88   89   90   91   92   93   94   95   96   97   98 
 329  288  215  202  184  163  123   76   96   74   85   50   50   26   24   23 
  99  100  101  102  103  105  107 
  23   17    4   17   10    3    3 

count of 1 values: mean 14.98108  variance 59.38097 

sum sq counts: mean 1288.389  variance 63675.83 

final counts: 7 9 4 44 

   user  system elapsed 
  4.382   0.000   4.382 
     [,1] [,2] [,3] [,4] [,5] [,6] [,7] [,8]
[1,]    4    4    4    4    4    4    2    2
[2,]    4    3    4    4    2    4    2    2
[3,]    4    3    3    4    4    2    2    4
[4,]    4    4    2    4    1    4    4    4
[5,]    1    4    4    4    4    4    4    4
[6,]    1    2    3    4    1    1    4    4
[7,]    4    4    4    1    1    4    4    4
[8,]    4    4    4    4    4    4    4    4

UST, Sequential:
self transition frequency: 0.2276797 
average self transition probability: 0.2272249 
minimum self transition probability: 0.2269687 
fraction of time max pr > 1/2: 0.3995625 

equal neighbors: mean 61.8642  variance 63.31563 
eq
  32   33   34   35   36   37   38   39   40   41   42   43   44   45   46   47 
   2    5    7    8    9   16   15   31   64   74  158  228  331  479  657  935 
  48   49   50   51   52   53   54   55   56   57   58   59   60   61   62   63 
1297 1741 2113 2746 3290 3900 4473 4878 5389 5644 6224 6423 6824 6545 6458 6333 
  64   65   66   67   68   69   70   71   72   73   74   75   76   77   78   79 
5940 5775 5145 4764 4439 3933 3494 2911 2529 2175 1819 1452 1195  955  822  602 
  80   81   82   83   84   85   86   87   88   89   90   91   92   93   94   95 
 514  410  348  288  295  167  130  110  110   73   69   53   62   27   27   16 
  96   97   99  101  103 
   9   20    5   18    2 

count of 1 values: mean 15.41147  variance 59.10428 

sum sq counts: mean 1282.396  variance 54555.35 

final counts: 14 7 16 27 

   user  system elapsed 
  4.403   0.000   4.404 
     [,1] [,2] [,3] [,4] [,5] [,6] [,7] [,8]
[1,]    1    1    1    1    1    1    2    2
[2,]    1    1    1    3    3    3    3    1
[3,]    3    3    3    3    3    3    3    4
[4,]    3    3    1    4    2    4    4    3
[5,]    1    2    4    3    2    4    4    3
[6,]    4    4    4    2    4    4    4    4
[7,]    4    4    4    2    4    4    4    4
[8,]    4    4    4    1    1    4    4    4

UST, Shuffled Sequential:
self transition frequency: 0.2274687 
average self transition probability: 0.2275864 
minimum self transition probability: 0.2280188 
fraction of time max pr > 1/2: 0.4014375 

equal neighbors: mean 61.88535  variance 65.60511 
eq
  33   34   35   36   37   38   39   40   41   42   43   44   45   46   47   48 
   1    5    4    5   21   15   27   41   82  122  244  333  497  756 1020 1418 
  49   50   51   52   53   54   55   56   57   58   59   60   61   62   63   64 
1690 2241 2771 3379 3880 4569 4920 5293 5745 6104 6531 6716 6555 6419 6028 5842 
  65   66   67   68   69   70   71   72   73   74   75   76   77   78   79   80 
5545 5113 4623 4165 3863 3437 2920 2535 2161 1775 1579 1267 1086  869  697  561 
  81   82   83   84   85   86   87   88   89   90   91   92   93   94   95   96 
 523  402  313  208  216  160  151   97  106  113   79   68   25   46   12   11 

count of 1 values: mean 16.22927  variance 66.49753 

sum sq counts: mean 1294.889  variance 55126.54 

final counts: 20 16 10 18 

   user  system elapsed 
  4.388   0.000   4.389 
     [,1] [,2] [,3] [,4] [,5] [,6] [,7] [,8]
[1,]    3    4    1    4    3    4    2    4
[2,]    1    3    3    3    2    3    3    4
[3,]    1    1    1    2    2    1    1    1
[4,]    2    1    1    3    4    1    2    2
[5,]    2    1    2    3    4    2    1    1
[6,]    4    4    4    4    4    4    1    1
[7,]    2    4    3    1    1    4    1    2
[8,]    2    4    2    1    4    4    2    2

UST, Checkerboard:
self transition frequency: 0.2297734 
average self transition probability: 0.2299342 
minimum self transition probability: 0.2297407 
fraction of time max pr > 1/2: 0.4040937 

equal neighbors: mean 61.98091  variance 62.13746 
eq
  35   36   37   38   39   40   41   42   43   44   45   46   47   48   49   50 
   7   17   11   17   27   82   81  160  214  296  392  577  852 1142 1567 1931 
  51   52   53   54   55   56   57   58   59   60   61   62   63   64   65   66 
2525 3165 3687 4476 4939 5531 5977 6262 6849 6913 6684 6716 6187 6061 5689 5067 
  67   68   69   70   71   72   73   74   75   76   77   78   79   80   81   82 
4790 4299 3843 3367 2954 2520 2153 1719 1552 1216 1067  893  726  536  433  387 
  83   84   85   86   87   88   89   90   91   92   93   94   95   96   97   98 
 278  260  220  158  165   73   57   63   38   38   22   15    4    1   33    3 
  99  101  102  103 
   7    1    4    4 

count of 1 values: mean 16.63537  variance 66.97592 

sum sq counts: mean 1284.815  variance 48585.73 

final counts: 12 13 11 28 

   user  system elapsed 
  4.399   0.000   4.400 
     [,1] [,2] [,3] [,4] [,5] [,6] [,7] [,8]
[1,]    4    2    4    3    1    2    1    4
[2,]    4    2    2    1    4    4    4    4
[3,]    3    4    3    3    3    3    2    3
[4,]    4    1    3    3    4    4    4    4
[5,]    4    1    4    4    2    4    2    4
[6,]    4    4    4    4    4    1    1    2
[7,]    4    4    2    4    3    3    1    1
[8,]    1    1    2    2    2    2    1    4

UST, Random order:
self transition frequency: 0.2291641 
average self transition probability: 0.2291834 
minimum self transition probability: 0.2289033 
fraction of time max pr > 1/2: 0.4026953 

equal neighbors: mean 61.86609  variance 68.64721 
eq
  34   35   36   37   38   39   40   41   42   43   44   45   46   47   48   49 
   2    1    4    6   33   57   67  105  148  255  391  549  832 1052 1447 1756 
  50   51   52   53   54   55   56   57   58   59   60   61   62   63   64   65 
2279 2908 3347 3760 4386 5106 5511 5946 6298 6371 6288 6456 6320 6160 5850 5445 
  66   67   68   69   70   71   72   73   74   75   76   77   78   79   80   81 
4798 4479 4113 3678 3219 2832 2518 2150 1901 1656 1325 1095  902  841  583  570 
  82   83   84   85   86   87   88   89   90   91   92   93   94   95   96   97 
 406  322  243  182  226  159  140  136   97   87   49   37   28   15   11    5 
  98   99  101  102  103  105  106  107  110 
  18   13    4    7    9    4    2    3    1 

count of 1 values: mean 16.01945  variance 63.71064 

sum sq counts: mean 1290.73  variance 55271.47 

final counts: 9 17 17 21 

   user  system elapsed 
  4.379   0.000   4.379 
     [,1] [,2] [,3] [,4] [,5] [,6] [,7] [,8]
[1,]    4    2    2    3    4    4    4    4
[2,]    3    2    3    2    2    4    3    3
[3,]    4    4    4    2    2    3    3    1
[4,]    4    4    1    2    2    1    1    3
[5,]    2    2    1    2    2    2    2    3
[6,]    4    1    1    1    2    2    4    4
[7,]    3    3    3    1    4    4    4    4
[8,]    3    3    3    3    4    4    3    4

UST, Random order x4:
self transition frequency: 0.2250156 
average self transition probability: 0.2247176 
minimum self transition probability: 0.2250991 
fraction of time max pr > 1/2: 0.3967969 

equal neighbors: mean 61.71095  variance 60.98688 
eq
  35   36   37   38   39   40   41   42   43   44   45   46   47   48   49   50 
   1    7   11   25   42   56   79  139  219  312  431  589  914 1288 1651 2206 
  51   52   53   54   55   56   57   58   59   60   61   62   63   64   65   66 
2694 3412 3959 4643 5159 5333 5819 6532 6530 6822 6566 6518 6584 6108 5687 5196 
  67   68   69   70   71   72   73   74   75   76   77   78   79   80   81   82 
4808 4412 3722 3273 2832 2312 2071 1704 1312 1188  989  711  655  439  369  304 
  83   84   85   86   87   88   89   90   91   92   93   94   95   96   97   98 
 289  200  201  159  163   96   59   40   30   27   18   29    6   23   12    2 
  99  101 
   3   10 

count of 1 values: mean 16.3542  variance 63.82843 

sum sq counts: mean 1275.499  variance 47628.26 

final counts: 8 34 9 13 

   user  system elapsed 
  4.417   0.000   4.417 
     [,1] [,2] [,3] [,4] [,5] [,6] [,7] [,8]
[1,]    3    2    2    3    1    1    4    4
[2,]    2    2    2    2    3    1    1    2
[3,]    4    3    2    2    2    2    4    4
[4,]    4    2    4    3    2    2    1    4
[5,]    2    2    2    4    2    2    2    2
[6,]    2    2    2    2    2    2    2    2
[7,]    2    3    4    2    2    1    2    2
[8,]    4    3    3    3    1    1    4    4

UDST, Random:
self transition frequency: 0.2263906 
average self transition probability: 0.2262985 
minimum self transition probability: 0.2259893 
fraction of time max pr > 1/2: 0.3983125 

equal neighbors: mean 61.46305  variance 67.42983 
eq
  31   32   33   34   35   36   37   38   39   40   41   42   43   44   45   46 
   2    1    3    2   10   12   23   27   44   79  114  217  328  427  551  814 
  47   48   49   50   51   52   53   54   55   56   57   58   59   60   61   62 
1101 1541 1873 2532 3051 3602 4119 4819 5128 5672 5929 6203 6367 6558 6618 6350 
  63   64   65   66   67   68   69   70   71   72   73   74   75   76   77   78 
5951 5694 5117 4971 4512 4030 3694 3153 2707 2340 2064 1626 1433 1238 1059  845 
  79   80   81   82   83   84   85   86   87   88   89   90   91   92   93   94 
 701  547  460  331  236  190  161  149  106   67   58   57   20   61   27   38 
  95   96   97   98   99  100  101  102  103  104  105  106  107  108  110 
  46   21   20   19   21   24   13    8   22   17    6   11    1    5    6 

count of 1 values: mean 16.16882  variance 70.90069 

sum sq counts: mean 1282.354  variance 55097.1 

final counts: 14 16 10 24 

   user  system elapsed 
  7.727   0.000   7.727 
     [,1] [,2] [,3] [,4] [,5] [,6] [,7] [,8]
[1,]    4    4    2    2    1    4    4    4
[2,]    4    4    2    1    4    4    3    4
[3,]    3    2    2    4    4    4    4    4
[4,]    1    3    4    2    4    4    4    3
[5,]    1    1    1    1    1    2    2    1
[6,]    3    3    2    1    1    2    2    1
[7,]    3    1    2    2    2    4    3    4
[8,]    3    1    4    2    2    4    4    3

UDST, Sequential:
self transition frequency: 0.2299922 
average self transition probability: 0.229139 
minimum self transition probability: 0.2291787 
fraction of time max pr > 1/2: 0.4037812 

equal neighbors: mean 61.84484  variance 62.67793 
eq
  35   36   37   38   39   40   41   42   43   44   45   46   47   48   49   50 
   1    2    6   15   10   24   48  110  202  307  423  676  977 1326 1719 2134 
  51   52   53   54   55   56   57   58   59   60   61   62   63   64   65   66 
2697 3347 3816 4543 5120 5546 6098 6436 6478 6563 6398 6377 6249 5817 5926 5229 
  67   68   69   70   71   72   73   74   75   76   77   78   79   80   81   82 
4772 4295 3900 3369 2899 2333 2048 1679 1342 1254 1080  781  673  558  532  430 
  83   84   85   86   87   88   89   90   91   92   93   94   95   96   97   98 
 263  261  236  162  109  108   68   68   48   34   14    5   18    5    3   28 
  99  101 
   3    2 

count of 1 values: mean 16.28781  variance 65.99993 

sum sq counts: mean 1274.488  variance 47671.79 

final counts: 19 13 14 18 

   user  system elapsed 
  7.676   0.004   7.680 
     [,1] [,2] [,3] [,4] [,5] [,6] [,7] [,8]
[1,]    4    4    2    4    3    4    4    4
[2,]    1    1    4    3    3    4    2    3
[3,]    2    1    4    4    3    3    1    2
[4,]    2    2    1    4    4    2    4    2
[5,]    2    2    4    1    1    4    4    2
[6,]    1    1    3    1    1    1    3    2
[7,]    3    3    3    1    1    1    3    3
[8,]    3    4    4    1    1    2    1    1

UDST, Shuffled Sequential:
self transition frequency: 0.2245078 
average self transition probability: 0.2253978 
minimum self transition probability: 0.2264069 
fraction of time max pr > 1/2: 0.3987734 

equal neighbors: mean 61.63939  variance 66.92955 
eq
  35   36   37   38   39   40   41   42   43   44   45   46   47   48   49   50 
   5    7   21   19   34   45   94  141  241  322  550  733 1079 1420 1844 2428 
  51   52   53   54   55   56   57   58   59   60   61   62   63   64   65   66 
2842 3546 3906 4656 5079 5545 6156 6547 6717 6727 6571 6631 6128 5699 5211 4624 
  67   68   69   70   71   72   73   74   75   76   77   78   79   80   81   82 
4471 4149 3538 3132 2735 2376 2082 1679 1407 1195 1029  794  640  517  486  333 
  83   84   85   86   87   88   89   90   91   92   93   94   95   96   97   98 
 309  267  234  178  118  133  105   80   81   71   32   52   69   29   23   22 
  99  100  101  102  104 
  24   16   11    9    6 

count of 1 values: mean 16.09151  variance 62.37062 

sum sq counts: mean 1285.474  variance 54208.38 

final counts: 14 15 11 24 

   user  system elapsed 
  7.762   0.000   7.762 
     [,1] [,2] [,3] [,4] [,5] [,6] [,7] [,8]
[1,]    4    4    4    1    2    2    2    4
[2,]    4    4    1    1    3    2    2    1
[3,]    3    4    1    1    2    2    2    1
[4,]    4    2    4    1    1    1    2    1
[5,]    2    2    4    4    4    4    4    1
[6,]    4    4    4    3    3    1    4    4
[7,]    3    3    4    4    3    3    2    3
[8,]    4    3    3    4    2    2    1    4

UDST, Checkerboard:
self transition frequency: 0.2327188 
average self transition probability: 0.2336087 
minimum self transition probability: 0.2334157 
fraction of time max pr > 1/2: 0.4088125 

equal neighbors: mean 62.25868  variance 67.95578 
eq
  34   35   36   37   38   39   40   41   42   43   44   45   46   47   48   49 
   1    3    4    9   22   51   61  116  152  250  325  492  705  976 1274 1668 
  50   51   52   53   54   55   56   57   58   59   60   61   62   63   64   65 
2077 2667 3103 3706 4456 4702 5089 5449 5951 6142 6382 6344 6459 6092 5894 5721 
  66   67   68   69   70   71   72   73   74   75   76   77   78   79   80   81 
5170 4866 4372 4127 3492 3084 2699 2316 1912 1694 1287 1199  967  806  685  610 
  82   83   84   85   86   87   88   89   90   91   92   93   94   95   96   97 
 485  375  327  274  224  160  137  135   55   59   48   27    9   21   16    4 
  98   99  100  102 
   7    4    3    1 

count of 1 values: mean 16.27433  variance 73.4843 

sum sq counts: mean 1299.859  variance 58555.9 

final counts: 21 14 4 25 

   user  system elapsed 
  7.811   0.004   7.815 
     [,1] [,2] [,3] [,4] [,5] [,6] [,7] [,8]
[1,]    1    3    1    1    1    4    4    1
[2,]    1    1    1    1    4    4    3    1
[3,]    1    1    2    4    4    4    4    2
[4,]    4    2    2    4    4    4    4    4
[5,]    2    2    4    4    4    1    1    4
[6,]    2    2    4    4    1    1    1    2
[7,]    1    2    3    2    4    4    2    1
[8,]    1    3    4    2    4    4    2    1

UDST, Random order:
self transition frequency: 0.2268047 
average self transition probability: 0.2274226 
minimum self transition probability: 0.2275745 
fraction of time max pr > 1/2: 0.4004609 

equal neighbors: mean 61.8215  variance 66.06737 
eq
  35   37   38   39   40   41   42   43   44   45   46   47   48   49   50   51 
   2    4   14   15   44   91  121  219  311  456  698  970 1344 1826 2339 2862 
  52   53   54   55   56   57   58   59   60   61   62   63   64   65   66   67 
3478 4140 4428 5125 5606 6168 6188 6341 6389 6310 6277 5929 5930 5583 5220 4675 
  68   69   70   71   72   73   74   75   76   77   78   79   80   81   82   83 
4363 3742 3281 2949 2414 2036 1709 1393 1224 1019  854  617  509  529  393  351 
  84   85   86   87   88   89   90   91   92   93   94   95   96   97   98   99 
 260  220  216  138  137  127   78  107   68   35   26   46   19    8    6   19 
 102 
   4 

count of 1 values: mean 15.75509  variance 69.35391 

sum sq counts: mean 1287.912  variance 54338.61 

final counts: 17 12 23 12 

   user  system elapsed 
  7.840   0.004   7.844 
     [,1] [,2] [,3] [,4] [,5] [,6] [,7] [,8]
[1,]    4    1    3    3    3    4    2    3
[2,]    4    2    2    2    1    4    4    3
[3,]    4    1    2    2    2    3    3    3
[4,]    2    4    1    1    3    3    3    3
[5,]    4    3    1    1    4    4    4    1
[6,]    1    1    1    1    1    2    1    1
[7,]    3    3    2    1    3    2    1    3
[8,]    3    3    3    3    3    4    2    3

UDST, Random order x4:
self transition frequency: 0.2320391 
average self transition probability: 0.2303989 
minimum self transition probability: 0.2299333 
fraction of time max pr > 1/2: 0.4036016 

equal neighbors: mean 62.08336  variance 64.68395 
eq
  32   33   34   35   36   37   38   39   40   41   42   43   44   45   46   47 
   2    3    2    8   19   13   22   36   37   57   94  162  255  381  583  934 
  48   49   50   51   52   53   54   55   56   57   58   59   60   61   62   63 
1141 1534 2000 2477 3190 3706 4443 4979 5572 5830 6324 6683 6891 6854 6712 6371 
  64   65   66   67   68   69   70   71   72   73   74   75   76   77   78   79 
5986 5688 5311 4700 4195 3674 3253 2847 2506 2082 1709 1532 1288  968  880  650 
  80   81   82   83   84   85   86   87   88   89   90   91   92   93   94   95 
 565  504  355  378  294  235  179  139  144  123   85   81   94   35   44   31 
  96   97   98   99  100  101  103  105 
  39   23   10   16   30    7    4    1 

count of 1 values: mean 15.34617  variance 60.88894 

sum sq counts: mean 1294.494  variance 60753.76 

final counts: 1 12 23 28 

   user  system elapsed 
  7.807   0.000   7.807 
     [,1] [,2] [,3] [,4] [,5] [,6] [,7] [,8]
[1,]    3    3    2    2    4    3    3    4
[2,]    4    4    2    3    3    3    3    4
[3,]    4    4    4    4    3    3    2    3
[4,]    4    4    3    2    4    3    3    3
[5,]    4    4    2    2    4    4    3    3
[6,]    4    4    2    2    4    2    2    4
[7,]    4    4    1    4    4    4    3    4
[8,]    3    3    3    2    4    4    3    3

HST, Random:
self transition frequency: 0.2272109 
average self transition probability: 0.2279954 
minimum self transition probability: 0.2282043 
fraction of time max pr > 1/2: 0.4020234 

equal neighbors: mean 61.94787  variance 68.03646 
eq
  34   35   36   37   38   39   40   41   42   43   44   45   46   47   48   49 
   1    1   11   14   21   27   49   98  129  255  382  528  757 1032 1345 1693 
  50   51   52   53   54   55   56   57   58   59   60   61   62   63   64   65 
2071 2553 3071 3732 4452 5018 5690 6114 6359 6618 6672 6513 6239 6084 5793 5469 
  66   67   68   69   70   71   72   73   74   75   76   77   78   79   80   81 
5130 4860 4427 3769 3337 2819 2420 1977 1787 1454 1286 1045  811  724  559  446 
  82   83   84   85   86   87   88   89   90   91   92   93   94   95   96   97 
 379  278  253  197  191  136  156   90   85  110  111   66   69   38   25   25 
  98   99  100  101  102  103  104  105  106  107  110 
  29   12   11   12   14   14   12   25   11    1    8 

count of 1 values: mean 16.13117  variance 62.38047 

sum sq counts: mean 1286.684  variance 59167.98 

final counts: 15 23 10 16 

   user  system elapsed 
  3.455   0.000   3.455 
     [,1] [,2] [,3] [,4] [,5] [,6] [,7] [,8]
[1,]    3    1    2    2    2    2    2    1
[2,]    3    1    1    4    1    1    1    3
[3,]    3    2    2    4    4    1    3    3
[4,]    3    2    1    1    4    4    4    3
[5,]    2    2    2    1    4    4    4    2
[6,]    3    2    4    1    2    4    4    2
[7,]    2    2    1    1    2    4    4    4
[8,]    2    2    3    2    2    2    4    1

HST, Sequential:
self transition frequency: 0.2269609 
average self transition probability: 0.2271669 
minimum self transition probability: 0.2267105 
fraction of time max pr > 1/2: 0.3982344 

equal neighbors: mean 61.79505  variance 67.26036 
eq
  34   35   36   37   38   39   40   41   42   43   44   45   46   47   48   49 
   1    1   14   15   28   40   64  105  203  259  353  495  702 1013 1243 1718 
  50   51   52   53   54   55   56   57   58   59   60   61   62   63   64   65 
2201 2756 3397 4106 4742 5217 6008 6148 6388 6440 6327 6392 6039 5914 5724 5299 
  66   67   68   69   70   71   72   73   74   75   76   77   78   79   80   81 
4882 4537 4028 3716 3348 2902 2519 2093 1737 1444 1249  983  952  792  635  614 
  82   83   84   85   86   87   88   89   90   91   92   93   94   95   96   97 
 460  388  279  220  196  147  141   90   92   44   55   25   29    3   10    4 
  98   99  100  103 
   6    9   16    3 

count of 1 values: mean 16.03023  variance 64.10041 

sum sq counts: mean 1283.375  variance 54338.01 

final counts: 25 32 4 3 

   user  system elapsed 
  3.474   0.000   3.474 
     [,1] [,2] [,3] [,4] [,5] [,6] [,7] [,8]
[1,]    1    3    2    2    1    2    2    1
[2,]    2    2    1    2    2    2    2    2
[3,]    2    2    1    2    2    1    2    2
[4,]    1    2    2    1    2    1    2    2
[5,]    1    2    2    2    1    1    2    3
[6,]    1    2    3    2    1    1    3    2
[7,]    1    1    1    1    1    4    1    1
[8,]    1    1    1    2    2    4    4    2

HST, Shuffled Sequential:
self transition frequency: 0.2279687 
average self transition probability: 0.2270695 
minimum self transition probability: 0.2277942 
fraction of time max pr > 1/2: 0.400875 

equal neighbors: mean 61.86141  variance 66.9325 
eq
  33   34   35   36   37   38   39   40   41   42   43   44   45   46   47   48 
   1    4    5    9   17   16   34   63   85  142  199  334  510  721  968 1282 
  49   50   51   52   53   54   55   56   57   58   59   60   61   62   63   64 
1716 2236 2795 3423 3880 4449 5071 5524 5957 6342 6447 6546 6528 6588 6157 5992 
  65   66   67   68   69   70   71   72   73   74   75   76   77   78   79   80 
5467 5167 4673 4316 3774 3235 2696 2409 2067 1629 1351 1091 1022  829  721  576 
  81   82   83   84   85   86   87   88   89   90   91   92   93   94   95   96 
 528  438  323  323  253  208  185  143   93   88   60   71   44   41   26   15 
  97   98   99  100  101  103  104  106  107  108  109  110  111  112  113  116 
  18   16    7    2    8    5    1    1    2    9    7    2    2   10    5    2 

count of 1 values: mean 15.331  variance 58.44713 

sum sq counts: mean 1285.905  variance 57241.4 

final counts: 27 20 6 11 

   user  system elapsed 
  3.404   0.000   3.404 
     [,1] [,2] [,3] [,4] [,5] [,6] [,7] [,8]
[1,]    1    1    2    2    2    2    2    1
[2,]    1    1    2    4    2    2    2    1
[3,]    1    1    3    3    3    1    2    1
[4,]    1    1    3    1    4    4    1    1
[5,]    1    1    2    2    4    4    1    1
[6,]    1    1    2    4    4    4    1    1
[7,]    4    1    1    2    2    4    2    3
[8,]    4    1    2    2    2    3    2    1

HST, Checkerboard:
self transition frequency: 0.2279531 
average self transition probability: 0.2273706 
minimum self transition probability: 0.2278974 
fraction of time max pr > 1/2: 0.4009609 

equal neighbors: mean 61.90737  variance 65.34811 
eq
  35   36   37   38   39   40   41   42   43   44   45   46   47   48   49   50 
   1    3    5   13   29   56  116  164  242  350  478  687  949 1264 1653 2239 
  51   52   53   54   55   56   57   58   59   60   61   62   63   64   65   66 
2727 3339 3772 4254 4916 5448 5874 6288 6641 6902 6589 6612 6221 5999 5483 5103 
  67   68   69   70   71   72   73   74   75   76   77   78   79   80   81   82 
4540 4300 3765 3213 2746 2537 2007 1821 1537 1337 1121  886  708  560  457  338 
  83   84   85   86   87   88   89   90   91   92   93   94   95   96   97   98 
 302  263  190  160  101  166  107  117   54   72   32   44   18   49   12    6 
  99  100  101 
   5   11    1 

count of 1 values: mean 16.25143  variance 66.67575 

sum sq counts: mean 1284.789  variance 52228.46 

final counts: 13 2 29 20 

   user  system elapsed 
  3.659   0.012   3.671 
     [,1] [,2] [,3] [,4] [,5] [,6] [,7] [,8]
[1,]    4    4    4    3    3    3    4    4
[2,]    4    4    4    3    3    3    1    3
[3,]    1    4    3    3    3    1    1    1
[4,]    3    4    3    3    3    3    3    3
[5,]    4    3    3    3    2    3    4    3
[6,]    4    3    2    4    1    1    1    3
[7,]    1    3    3    1    3    3    1    4
[8,]    1    4    4    4    4    3    1    4

HST, Random order:
self transition frequency: 0.2273906 
average self transition probability: 0.2276948 
minimum self transition probability: 0.227746 
fraction of time max pr > 1/2: 0.4012031 

equal neighbors: mean 61.85128  variance 67.24794 
eq
  29   30   31   32   33   34   35   36   37   38   39   40   41   42   43   44 
   1    4    3    3    1    1   10    6   12   26   28   53   75  121  224  349 
  45   46   47   48   49   50   51   52   53   54   55   56   57   58   59   60 
 525  696  994 1376 1688 2246 2786 3413 4059 4674 5213 5683 6193 6389 6475 6321 
  61   62   63   64   65   66   67   68   69   70   71   72   73   74   75   76 
6220 6196 6006 5576 5136 4967 4646 4019 3718 3376 2928 2480 2118 1887 1600 1260 
  77   78   79   80   81   82   83   84   85   86   87   88   89   90   91   92 
1161 1042  907  700  486  375  314  194  175  181  152   82   64   72   75   42 
  93   94   95   96   97   98   99  100  101  102  103 
  54   23   21   21   21    2   10   15   10   17    3 

count of 1 values: mean 16.15708  variance 63.7957 

sum sq counts: mean 1287.168  variance 54421.6 

final counts: 13 13 10 28 

   user  system elapsed 
  3.505   0.020   3.525 
     [,1] [,2] [,3] [,4] [,5] [,6] [,7] [,8]
[1,]    3    3    2    3    4    1    4    4
[2,]    1    2    2    3    4    4    4    1
[3,]    1    2    4    3    4    4    4    2
[4,]    4    2    4    3    4    4    4    4
[5,]    4    4    4    1    1    1    1    4
[6,]    1    4    1    3    1    4    4    4
[7,]    2    2    1    3    3    3    2    4
[8,]    2    2    2    2    4    1    4    4

HST, Random order x4:
self transition frequency: 0.2276094 
average self transition probability: 0.2270717 
minimum self transition probability: 0.2270292 
fraction of time max pr > 1/2: 0.3998594 

equal neighbors: mean 61.76004  variance 66.05376 
eq
  33   34   35   36   37   38   39   40   41   42   43   44   45   46   47   48 
   1    2    5    9   15   26   27   62   86  163  263  382  565  767 1075 1450 
  49   50   51   52   53   54   55   56   57   58   59   60   61   62   63   64 
1769 2253 2728 3324 3751 4560 5171 5552 6018 6416 6509 6592 6497 6472 6218 5827 
  65   66   67   68   69   70   71   72   73   74   75   76   77   78   79   80 
5370 4930 4271 3775 3710 3240 2849 2512 2143 1928 1539 1340 1095  898  732  654 
  81   82   83   84   85   86   87   88   89   90   91   92   93   94   95   96 
 504  396  356  291  214  164  123  108   62   56   48   41   30   19   22   17 
  97   98   99  100 
   2    3    1    2 

count of 1 values: mean 16.4205  variance 68.9208 

sum sq counts: mean 1280.915  variance 52466.81 

final counts: 11 12 12 29 

   user  system elapsed 
  3.277   0.004   3.281 
     [,1] [,2] [,3] [,4] [,5] [,6] [,7] [,8]
[1,]    1    3    3    4    4    4    4    1
[2,]    3    3    3    4    4    4    4    1
[3,]    3    3    3    4    4    4    1    1
[4,]    1    1    4    4    4    4    4    3
[5,]    3    4    4    4    1    1    3    2
[6,]    2    2    4    4    1    2    2    2
[7,]    2    4    4    4    4    4    2    2
[8,]    2    4    3    1    4    4    2    2

OHST, Random:
self transition frequency: 0.2273281 
average self transition probability: 0.2267203 
minimum self transition probability: 0.2261741 
fraction of time max pr > 1/2: 0.3984609 

equal neighbors: mean 61.60857  variance 63.43549 
eq
  36   37   38   39   40   41   42   43   44   45   46   47   48   49   50   51 
   3   10   11   17   37   65  148  247  363  512  713 1040 1418 1978 2406 2910 
  52   53   54   55   56   57   58   59   60   61   62   63   64   65   66   67 
3563 4009 4590 5005 5522 5853 6246 6449 6404 6502 6592 6409 6102 5558 5125 4574 
  68   69   70   71   72   73   74   75   76   77   78   79   80   81   82   83 
4054 3755 3336 2795 2269 2015 1668 1369 1092  943  844  630  514  465  403  312 
  84   85   86   87   88   89   90   91   92   93   94   95   97 
 232  193  211  133  104   71   72   45   33   42   10    7    2 

count of 1 values: mean 16.29227  variance 63.39974 

sum sq counts: mean 1276.409  variance 46947.77 

final counts: 9 19 7 29 

   user  system elapsed 
  4.823   0.000   4.823 
     [,1] [,2] [,3] [,4] [,5] [,6] [,7] [,8]
[1,]    2    4    2    2    4    4    4    4
[2,]    4    4    4    4    4    4    4    1
[3,]    2    4    2    1    4    4    1    1
[4,]    4    1    2    2    4    4    2    1
[5,]    4    3    2    2    4    2    4    1
[6,]    3    3    3    2    4    2    2    3
[7,]    4    2    3    1    2    2    4    4
[8,]    4    3    4    2    2    1    4    4

OHST, Sequential:
self transition frequency: 0.2292656 
average self transition probability: 0.229232 
minimum self transition probability: 0.2290058 
fraction of time max pr > 1/2: 0.4028516 

equal neighbors: mean 62.11035  variance 67.20464 
eq
  34   35   36   37   38   39   40   41   42   43   44   45   46   47   48   49 
   1    4   16   13   20   23   52   84  139  210  335  516  668  998 1254 1718 
  50   51   52   53   54   55   56   57   58   59   60   61   62   63   64   65 
2191 2561 3024 3702 4196 4804 5480 5911 6198 6280 6505 6451 6422 6223 6047 5881 
  66   67   68   69   70   71   72   73   74   75   76   77   78   79   80   81 
5426 4821 4347 3886 3252 2920 2500 2014 1802 1454 1420 1133  930  783  672  587 
  82   83   84   85   86   87   88   89   90   91   92   93   94   95   96   97 
 357  287  271  199  137  105  115   91   89   45   89   41   51   41   46   49 
  98   99  100  101  102  104 
  15   19   30   11   18   20 

count of 1 values: mean 16.07333  variance 66.81632 

sum sq counts: mean 1290.008  variance 60154.45 

final counts: 5 12 42 5 

   user  system elapsed 
  4.692   0.004   4.697 
     [,1] [,2] [,3] [,4] [,5] [,6] [,7] [,8]
[1,]    1    1    1    3    3    3    4    3
[2,]    2    3    3    3    3    3    1    2
[3,]    2    2    3    3    3    3    3    3
[4,]    3    3    3    3    3    3    3    3
[5,]    3    3    3    3    2    3    3    3
[6,]    3    3    3    1    3    3    2    3
[7,]    2    2    3    3    3    4    4    2
[8,]    2    2    2    3    3    3    4    4

OHST, Shuffled Sequential:
self transition frequency: 0.2232187 
average self transition probability: 0.2246167 
minimum self transition probability: 0.2252504 
fraction of time max pr > 1/2: 0.3987188 

equal neighbors: mean 61.49517  variance 57.67508 
eq
  35   36   37   38   39   40   41   42   43   44   45   46   47   48   49   50 
   3    3    5   29   36   49   85  125  227  326  424  630  911 1349 1775 2198 
  51   52   53   54   55   56   57   58   59   60   61   62   63   64   65   66 
2883 3423 4017 4721 5034 5562 6023 6466 6611 6723 6853 6443 6473 6197 5716 5216 
  67   68   69   70   71   72   73   74   75   76   77   78   79   80   81   82 
4653 4227 3760 3342 2858 2475 1975 1662 1347 1143  961  704  637  445  381  219 
  83   84   85   86   87   88   89   90   91   92   93   94   95   96 
 195   84  118   43   63   18   46   16   20   27   22    1   18    4 

count of 1 values: mean 16.21293  variance 61.85996 

sum sq counts: mean 1268.235  variance 40647.92 

final counts: 24 14 6 20 

   user  system elapsed 
  4.659   0.000   4.659 
     [,1] [,2] [,3] [,4] [,5] [,6] [,7] [,8]
[1,]    4    4    1    4    4    4    4    4
[2,]    1    1    1    1    3    4    2    2
[3,]    1    4    1    1    4    4    4    2
[4,]    1    1    2    1    1    2    2    2
[5,]    4    4    1    1    1    1    2    2
[6,]    4    2    2    1    1    2    2    2
[7,]    3    3    3    1    1    3    1    1
[8,]    4    4    4    4    4    3    1    1

OHST, Checkerboard:
self transition frequency: 0.2204609 
average self transition probability: 0.2214701 
minimum self transition probability: 0.222407 
fraction of time max pr > 1/2: 0.3924531 

equal neighbors: mean 61.27259  variance 63.62348 
eq
  35   36   37   38   39   40   41   42   43   44   45   46   47   48   49   50 
   1    4    5   14   35   56   91  157  234  371  558  765 1102 1551 2013 2444 
  51   52   53   54   55   56   57   58   59   60   61   62   63   64   65   66 
3023 3660 4201 4829 5421 5845 6155 6668 6743 6851 6722 6647 6128 5611 5109 4667 
  67   68   69   70   71   72   73   74   75   76   77   78   79   80   81   82 
4344 3814 3523 2898 2532 2061 1931 1699 1379 1208  927  712  533  522  401  346 
  83   84   85   86   87   88   89   90   91   92   93   94   95   96   97   98 
 340  242  171  155   83  104   84   71   53   64   30   16   33   31    8    2 
  99 
   2 

count of 1 values: mean 16.0002  variance 58.75779 

sum sq counts: mean 1269.053  variance 50510.97 

final counts: 17 19 10 18 

   user  system elapsed 
  4.715   0.004   4.718 
     [,1] [,2] [,3] [,4] [,5] [,6] [,7] [,8]
[1,]    1    1    1    1    2    2    2    2
[2,]    3    4    2    2    2    2    1    4
[3,]    3    2    2    2    2    3    4    4
[4,]    3    1    3    4    4    4    1    3
[5,]    3    4    4    4    2    2    4    1
[6,]    1    1    4    4    2    4    1    1
[7,]    2    4    1    1    2    2    3    1
[8,]    4    4    4    3    2    1    1    3

OHST, Random order:
self transition frequency: 0.2287187 
average self transition probability: 0.22908 
minimum self transition probability: 0.22975 
fraction of time max pr > 1/2: 0.4031484 

equal neighbors: mean 61.91634  variance 73.64876 
eq
  31   33   34   35   36   37   38   39   40   41   42   43   44   45   46   47 
   1    2    5   10    7   10   18   40   68   93  179  239  377  527  791  958 
  48   49   50   51   52   53   54   55   56   57   58   59   60   61   62   63 
1448 1761 2384 2879 3550 3943 4449 5020 5559 5894 6236 6403 6551 6344 6298 6127 
  64   65   66   67   68   69   70   71   72   73   74   75   76   77   78   79 
5929 5368 5077 4516 4086 3695 3162 2698 2381 2012 1666 1436 1157 1000  794  716 
  80   81   82   83   84   85   86   87   88   89   90   91   92   93   94   95 
 565  487  520  392  269  273  220  168  145  138  130   87   90   84   88   67 
  96   97   98   99  100  101  102  103  104  105  106  107  108  110  111  112 
  72   28   19   47   38   36   19   39   29   19   25    8   18    2   11    3 

count of 1 values: mean 16.08716  variance 71.77223 

sum sq counts: mean 1299.51  variance 67803.91 

final counts: 22 8 14 20 

   user  system elapsed 
  4.642   0.000   4.642 
     [,1] [,2] [,3] [,4] [,5] [,6] [,7] [,8]
[1,]    4    2    2    2    4    1    1    2
[2,]    3    3    3    3    3    4    4    3
[3,]    1    1    2    3    4    4    1    1
[4,]    1    1    2    3    1    1    4    4
[5,]    1    3    3    3    4    1    1    4
[6,]    1    4    4    4    3    3    1    1
[7,]    3    4    2    4    4    4    2    1
[8,]    1    1    1    4    4    4    1    1

OHST, Random order x4:
self transition frequency: 0.2321094 
average self transition probability: 0.2319255 
minimum self transition probability: 0.2319429 
fraction of time max pr > 1/2: 0.4069531 

equal neighbors: mean 62.2101  variance 70.0358 
eq
  33   34   35   36   37   38   39   40   41   42   43   44   45   46   47   48 
   1    2    1    2    4   11   19   47  108  138  200  356  517  774  960 1303 
  49   50   51   52   53   54   55   56   57   58   59   60   61   62   63   64 
1702 2092 2652 3223 3843 4322 4666 5061 5572 6102 6326 6349 6457 6652 6446 5969 
  65   66   67   68   69   70   71   72   73   74   75   76   77   78   79   80 
5627 5257 4734 4194 3863 3336 2971 2646 2103 1936 1535 1350 1167  833  758  654 
  81   82   83   84   85   86   87   88   89   90   91   92   93   94   95   96 
 550  447  341  290  316  185  166  118  113   48   73   54   63   71   43   34 
  97   98   99  100  101  102  103  104  105  106  107  108  109 
  48   40   17   26   11   28   26    8   13    8    9    3   10 

count of 1 values: mean 15.62771  variance 62.51399 

sum sq counts: mean 1304.753  variance 69057.6 

final counts: 15 24 12 13 

   user  system elapsed 
  4.653   0.000   4.654 
     [,1] [,2] [,3] [,4] [,5] [,6] [,7] [,8]
[1,]    4    2    2    2    2    1    1    4
[2,]    2    1    2    2    2    2    2    2
[3,]    4    1    2    2    4    3    4    4
[4,]    1    4    3    2    2    2    3    3
[5,]    1    4    4    4    2    4    1    2
[6,]    1    4    3    3    1    1    1    1
[7,]    4    1    3    3    3    1    2    3
[8,]    1    2    2    3    3    2    2    2
> 
