
R version 4.1.2 (2021-11-01) -- "Bird Hippie"
Copyright (C) 2021 The R Foundation for Statistical Computing
Platform: x86_64-pc-linux-gnu (64-bit)

R is free software and comes with ABSOLUTELY NO WARRANTY.
You are welcome to redistribute it under certain conditions.
Type 'license()' or 'licence()' for distribution details.

R is a collaborative project with many contributors.
Type 'contributors()' for more information and
'citation()' on how to cite R or R packages in publications.

Type 'demo()' for some demos, 'help()' for on-line help, or
'help.start()' for an HTML browser interface to help.
Type 'q()' to quit R.

> # DO THE 8x8 POTTS EXPERIMENTAL RUNS - SET A.
> 
> source("methods.r")
> source("scans.r")
> source("potts-8x8.r")
> source("plot.r")
> 
> rtype <- "a"
> 
> meth <- list (ST=trans_ST, 
+               DST=trans_DST,
+               UST=trans_UST,
+               UDST=trans_UDST,
+               HST=trans_HST,
+               OHST=trans_OHST
+         )
> 
> scan <- list (Random=scan_random,
+               Sequential=scan_sequential,
+               `Shuffled Sequential`=scan_shuffled_sequential,
+               Checkerboard=scan_checkerboard,
+               `Random order`=scan_random_order,
+               `Random order x4`=scan_random_order_x4
+         )
> 
> source("potts-runs-8x8-tail.r")
Shuffle order: 57 4 39 1 34 23 43 14 18 51 33 21 53 42 46 10 7 9 15 52 37 41 25 44 58 60 55 50 54 20 6 49 36 62 40 35 28 29 26 12 59 31 8 38 24 48 32 27 22 64 2 13 30 17 11 61 3 16 56 63 45 19 47 5 

ST, Random:
self transition frequency: 0.2331719 
average self transition probability: 0.2321543 
minimum self transition probability: 0.2316998 
fraction of time max pr > 1/2: 0.4067891 

equal neighbors: mean 62.3793  variance 65.2861 
eq
  33   35   36   37   38   39   40   41   42   43   44   45   46   47   48   49 
   2    4    3   10   11   23   38   55   80  130  199  337  526  791 1163 1537 
  50   51   52   53   54   55   56   57   58   59   60   61   62   63   64   65 
2031 2416 3064 3729 4388 4973 5396 5859 6183 6449 6515 6468 6223 6173 6087 5727 
  66   67   68   69   70   71   72   73   74   75   76   77   78   79   80   81 
5147 4805 4365 4040 3305 3042 2712 2308 1911 1721 1451 1250 1130  867  713  457 
  82   83   84   85   86   87   88   89   90   91   92   93   94   95   96   97 
 415  410  255  227  151  111  101   94   90   81   61   45   52   28   23    7 
  98   99  101  102  103  105  106 
   2    5    8    5    2   12    1 

count of 1 values: mean 16.0642  variance 64.81774 

sum sq counts: mean 1287.565  variance 54320.18 

final counts: 18 17 17 12 

   user  system elapsed 
  3.497   0.018   3.516 
     [,1] [,2] [,3] [,4] [,5] [,6] [,7] [,8]
[1,]    4    4    4    1    1    3    3    3
[2,]    4    2    1    1    1    2    1    1
[3,]    4    1    2    2    3    2    4    4
[4,]    1    1    2    2    3    1    2    2
[5,]    3    1    2    2    3    2    3    3
[6,]    3    1    2    2    3    3    3    3
[7,]    4    1    2    2    1    1    3    4
[8,]    2    4    4    3    1    4    3    1

ST, Sequential:
self transition frequency: 0.2318984 
average self transition probability: 0.2309862 
minimum self transition probability: 0.2300072 
fraction of time max pr > 1/2: 0.4045 

equal neighbors: mean 61.96069  variance 68.6856 
eq
  31   32   33   34   35   36   37   38   39   40   41   42   43   44   45   46 
   1    4    3    9   11    6   15   17   29   52  104  128  203  315  463  684 
  47   48   49   50   51   52   53   54   55   56   57   58   59   60   61   62 
 990 1288 1606 2248 2790 3302 3999 4495 5118 5469 5965 6268 6505 6484 6591 6473 
  63   64   65   66   67   68   69   70   71   72   73   74   75   76   77   78 
6106 5893 5548 5056 4598 4144 3581 3367 2748 2440 1965 1855 1447 1291  986  913 
  79   80   81   82   83   84   85   86   87   88   89   90   91   92   93   94 
 762  654  541  461  366  305  195  212  128  132   82   81   91   61   60   38 
  95   96   97   98   99  100  101  102  103  104  105  107  109  111 
  36   19   26   13   34   35   22   23    6   11    6    3    8   16 

count of 1 values: mean 15.92081  variance 68.89097 

sum sq counts: mean 1296.438  variance 58771.95 

final counts: 17 11 15 21 

   user  system elapsed 
  3.444   0.005   3.449 
     [,1] [,2] [,3] [,4] [,5] [,6] [,7] [,8]
[1,]    4    2    2    2    3    3    1    4
[2,]    4    2    2    3    3    3    1    4
[3,]    1    1    2    2    2    4    4    1
[4,]    4    4    4    4    2    1    4    4
[5,]    4    3    1    3    3    3    4    4
[6,]    4    1    1    3    1    1    1    4
[7,]    1    4    3    3    1    1    1    1
[8,]    4    4    2    3    3    2    4    3

ST, Shuffled Sequential:
self transition frequency: 0.2251875 
average self transition probability: 0.2248819 
minimum self transition probability: 0.22511 
fraction of time max pr > 1/2: 0.3972344 

equal neighbors: mean 61.60325  variance 64.25048 
eq
  31   32   33   34   35   36   37   38   39   40   41   42   43   44   45   46 
   4    7    1    5    4    5   14   21   24   78  118  185  240  356  515  766 
  47   48   49   50   51   52   53   54   55   56   57   58   59   60   61   62 
1050 1444 1987 2412 2875 3313 3932 4554 5065 5470 5887 6267 6564 6832 6622 6319 
  63   64   65   66   67   68   69   70   71   72   73   74   75   76   77   78 
6224 5615 5239 5050 4732 4280 3794 3407 2938 2374 2029 1701 1378 1134 1047  827 
  79   80   81   82   83   84   85   86   87   88   89   90   91   92   93   94 
 597  462  451  314  301  244  198  158  130  121  104   74   45   22   11   15 
  95   96   97   98   99  100  101  102 
   5    5   12    6   10    3    3    4 

count of 1 values: mean 15.89045  variance 61.05331 

sum sq counts: mean 1274.325  variance 47801.79 

final counts: 6 4 9 45 

   user  system elapsed 
  3.441   0.000   3.442 
     [,1] [,2] [,3] [,4] [,5] [,6] [,7] [,8]
[1,]    3    3    3    1    4    3    1    4
[2,]    2    3    3    3    4    4    2    4
[3,]    4    1    2    4    4    4    4    4
[4,]    4    4    4    4    4    4    4    4
[5,]    4    4    4    4    4    4    4    4
[6,]    1    4    4    4    4    4    4    4
[7,]    3    1    4    4    4    4    4    4
[8,]    4    1    2    3    4    4    4    4

ST, Checkerboard:
self transition frequency: 0.2300938 
average self transition probability: 0.2304577 
minimum self transition probability: 0.2306241 
fraction of time max pr > 1/2: 0.4048672 

equal neighbors: mean 62.05158  variance 68.06328 
eq
  30   31   32   33   34   35   36   37   38   39   40   41   42   43   44   45 
   1    2    2    1    4    5    5   11   20   18   39   64  122  177  318  476 
  46   47   48   49   50   51   52   53   54   55   56   57   58   59   60   61 
 617  943 1262 1637 2138 2640 3147 3874 4393 5011 5477 6072 6441 6574 6744 6946 
  62   63   64   65   66   67   68   69   70   71   72   73   74   75   76   77 
6563 6319 5954 5575 4925 4506 3884 3587 3076 2694 2162 1981 1777 1551 1290 1227 
  78   79   80   81   82   83   84   85   86   87   88   89   90   91   92   93 
1029  846  690  593  501  387  306  271  184  176  121  102   92   66   67   51 
  94   95   96   97   98   99  100  101  102  103  104  106 
  62   39   45   38   22   20    5    8   17    8    1    1 

count of 1 values: mean 15.69181  variance 60.77528 

sum sq counts: mean 1293.081  variance 58654.53 

final counts: 9 15 31 9 

   user  system elapsed 
  3.467   0.000   3.467 
     [,1] [,2] [,3] [,4] [,5] [,6] [,7] [,8]
[1,]    4    2    3    3    3    3    3    4
[2,]    3    3    3    3    4    3    3    3
[3,]    1    3    3    3    2    4    2    2
[4,]    4    3    1    2    1    2    3    2
[5,]    4    3    2    2    2    3    3    4
[6,]    3    3    4    1    2    2    4    1
[7,]    3    3    3    3    3    1    1    1
[8,]    2    3    2    3    3    3    1    2

ST, Random order:
self transition frequency: 0.2279844 
average self transition probability: 0.22749 
minimum self transition probability: 0.2278437 
fraction of time max pr > 1/2: 0.4003906 

equal neighbors: mean 61.8552  variance 64.51475 
eq
  35   36   37   38   39   40   41   42   43   44   45   46   47   48   49   50 
   2    2   10   13   29   54   83  143  239  327  466  668  971 1254 1665 2077 
  51   52   53   54   55   56   57   58   59   60   61   62   63   64   65   66 
2637 3280 3758 4553 4853 5629 6075 6403 6689 6745 6758 6659 6599 5967 5562 4995 
  67   68   69   70   71   72   73   74   75   76   77   78   79   80   81   82 
4641 4089 3576 3277 2770 2370 1972 1671 1568 1267  994  889  717  598  461  365 
  83   84   85   86   87   88   89   90   91   92   93   94   95   96   97   98 
 262  225  173  118  103  138  113  104   62   52   62   36   31   41   21   25 
  99  100  101  102  103  104 
  14    4    5   10   10    1 

count of 1 values: mean 16.3268  variance 65.73978 

sum sq counts: mean 1286.481  variance 56021.87 

final counts: 15 12 6 31 

   user  system elapsed 
  3.456   0.000   3.456 
     [,1] [,2] [,3] [,4] [,5] [,6] [,7] [,8]
[1,]    1    2    4    4    2    2    2    1
[2,]    1    1    4    4    4    4    3    4
[3,]    4    4    4    1    4    4    4    4
[4,]    4    4    4    3    3    4    2    4
[5,]    2    4    4    3    4    4    2    2
[6,]    2    4    1    1    4    4    4    1
[7,]    2    4    4    1    3    1    1    1
[8,]    1    2    4    4    3    2    1    1

ST, Random order x4:
self transition frequency: 0.2299844 
average self transition probability: 0.2298771 
minimum self transition probability: 0.2299515 
fraction of time max pr > 1/2: 0.4055 

equal neighbors: mean 61.93693  variance 63.33249 
eq
  32   33   34   35   36   37   38   39   40   41   42   43   44   45   46   47 
   1    2    3    2    8    7   15   26   55   94  159  184  267  449  680  943 
  48   49   50   51   52   53   54   55   56   57   58   59   60   61   62   63 
1275 1572 2096 2507 3146 3862 4469 4926 5648 5988 6364 6555 6570 6597 6228 6201 
  64   65   66   67   68   69   70   71   72   73   74   75   76   77   78   79 
6126 6001 5213 4947 4418 3782 3147 2747 2594 2270 1846 1452 1139  975  824  695 
  80   81   82   83   84   85   86   87   88   89   90   91   92   93   94   95 
 603  466  340  296  262  198  148  125   82   65   70   40   52   47   20   11 
  96   97   98   99  100  101  102  103  104  106  108 
  20   12    6   10   10   13    9    6    4    7    3 

count of 1 values: mean 15.89002  variance 59.948 

sum sq counts: mean 1277.739  variance 51423.83 

final counts: 8 34 12 10 

   user  system elapsed 
  3.444   0.004   3.448 
     [,1] [,2] [,3] [,4] [,5] [,6] [,7] [,8]
[1,]    4    3    3    4    2    2    4    2
[2,]    2    2    3    4    4    1    4    3
[3,]    2    4    1    2    2    2    2    2
[4,]    4    3    2    2    2    3    2    2
[5,]    2    1    1    2    2    3    2    2
[6,]    2    1    1    2    2    3    3    4
[7,]    2    1    1    2    2    2    2    3
[8,]    4    3    3    2    2    2    2    2

DST, Random:
self transition frequency: 0.2263281 
average self transition probability: 0.2262607 
minimum self transition probability: 0.2266568 
fraction of time max pr > 1/2: 0.3996641 

equal neighbors: mean 61.75906  variance 67.40741 
eq
  33   34   35   36   37   38   39   40   41   42   43   44   45   46   47   48 
   1    1    6   18   10   36   54   75  113  185  264  440  580  737 1138 1452 
  49   50   51   52   53   54   55   56   57   58   59   60   61   62   63   64 
1838 2409 2741 3229 3799 4481 4993 5464 5877 6169 6396 6295 6396 6359 6244 6143 
  65   66   67   68   69   70   71   72   73   74   75   76   77   78   79   80 
5621 5000 4701 4292 3763 3398 2796 2367 2058 1705 1399 1148 1046  915  675  601 
  81   82   83   84   85   86   87   88   89   90   91   92   93   94   95   96 
 493  405  306  236  196  160  167  119   91   82   51   43   47   33   23   17 
  97   98   99  100  101  102  103  104  105  106  108  109 
  14   11    6   20    2    8    3    9    4   19    3    4 

count of 1 values: mean 16.32244  variance 67.05456 

sum sq counts: mean 1284.136  variance 55383.12 

final counts: 29 10 21 4 

   user  system elapsed 
  4.749   0.000   4.754 
     [,1] [,2] [,3] [,4] [,5] [,6] [,7] [,8]
[1,]    1    1    1    4    2    1    3    3
[2,]    1    1    1    3    2    1    1    3
[3,]    3    1    1    3    3    3    3    3
[4,]    2    1    1    3    3    3    2    2
[5,]    1    1    1    4    3    3    1    4
[6,]    1    1    1    2    2    3    2    1
[7,]    1    3    1    1    1    3    3    3
[8,]    1    1    1    1    2    2    3    4

DST, Sequential:
self transition frequency: 0.2288672 
average self transition probability: 0.2291218 
minimum self transition probability: 0.2289215 
fraction of time max pr > 1/2: 0.4034297 

equal neighbors: mean 62.03935  variance 68.43245 
eq
  32   33   34   35   36   37   38   39   40   41   42   43   44   45   46   47 
   1    2    4    6    3    7    9   19   28   48   98  191  334  465  676  928 
  48   49   50   51   52   53   54   55   56   57   58   59   60   61   62   63 
1346 1714 2305 2760 3232 3758 4504 4920 5513 5910 6356 6489 6561 6509 6393 6307 
  64   65   66   67   68   69   70   71   72   73   74   75   76   77   78   79 
5723 5504 5281 4649 4263 3624 3398 2802 2389 2088 1726 1492 1141  972  878  763 
  80   81   82   83   84   85   86   87   88   89   90   91   92   93   94   95 
 574  596  459  431  366  272  236  222  141  150  112   49   34   68   29   31 
  96   97   98   99  100  101  102  103  104  105  106  107  108  109  111  113 
  15   18   11   20   14    9    5    3    2   11    1    1    1    1   10    1 
 114  116  117  120  124 
   1    3    3    6    5 

count of 1 values: mean 16.07512  variance 67.45207 

sum sq counts: mean 1296.313  variance 61116.97 

final counts: 12 21 19 12 

   user  system elapsed 
  4.734   0.000   4.734 
     [,1] [,2] [,3] [,4] [,5] [,6] [,7] [,8]
[1,]    3    3    3    1    1    2    2    3
[2,]    4    4    2    2    2    1    1    4
[3,]    2    2    2    2    2    2    2    1
[4,]    2    2    4    2    3    3    3    4
[5,]    4    3    3    1    1    2    2    2
[6,]    3    3    4    2    1    2    4    3
[7,]    1    4    4    3    1    4    3    1
[8,]    3    4    3    3    1    2    3    3

DST, Shuffled Sequential:
self transition frequency: 0.2308984 
average self transition probability: 0.2302468 
minimum self transition probability: 0.230153 
fraction of time max pr > 1/2: 0.4048516 

equal neighbors: mean 62.03588  variance 67.28151 
eq
  31   33   34   35   36   37   38   39   40   41   42   43   44   45   46   47 
   1    2    1    9    6   15   26   51   67   86  134  200  343  521  682  974 
  48   49   50   51   52   53   54   55   56   57   58   59   60   61   62   63 
1270 1655 2120 2714 3319 3864 4357 4800 5227 5711 6311 6349 6572 6810 6468 6301 
  64   65   66   67   68   69   70   71   72   73   74   75   76   77   78   79 
5884 5449 5097 4768 4282 3888 3232 2969 2507 2129 1868 1542 1399 1134  900  659 
  80   81   82   83   84   85   86   87   88   89   90   91   92   93   94   95 
 608  441  378  345  281  211  169  136  171  105   70   67   57   52   38   19 
  96   97   98   99  100  101  102  103 
  35   48   20   27   10   20    8   11 

count of 1 values: mean 16.19741  variance 69.98735 

sum sq counts: mean 1283.076  variance 55722.25 

final counts: 17 11 19 17 

   user  system elapsed 
  4.732   0.000   4.732 
     [,1] [,2] [,3] [,4] [,5] [,6] [,7] [,8]
[1,]    3    2    4    2    1    2    4    3
[2,]    3    3    3    2    2    2    4    4
[3,]    4    4    4    2    2    4    4    4
[4,]    3    1    4    2    2    3    1    3
[5,]    1    1    1    3    3    4    1    3
[6,]    1    3    1    3    3    3    4    1
[7,]    1    1    1    4    3    3    4    1
[8,]    1    4    1    2    1    4    3    3

DST, Checkerboard:
self transition frequency: 0.2280625 
average self transition probability: 0.2284541 
minimum self transition probability: 0.2282717 
fraction of time max pr > 1/2: 0.4020625 

equal neighbors: mean 61.83902  variance 66.57513 
eq
  32   33   34   35   36   37   38   39   40   41   42   43   44   45   46   47 
   1    2    5    3    7    9   18   31   48   97  149  230  342  550  849 1058 
  48   49   50   51   52   53   54   55   56   57   58   59   60   61   62   63 
1438 1853 2253 2779 3349 3812 4256 4821 5257 5843 6490 6619 6736 6516 6293 6267 
  64   65   66   67   68   69   70   71   72   73   74   75   76   77   78   79 
6071 5436 5056 4596 4086 3678 3147 2692 2463 2084 1853 1528 1283 1085  977  702 
  80   81   82   83   84   85   86   87   88   89   90   91   92   93   94   95 
 608  519  478  356  255  235  167  141   79  102   93   68   40   64   28   16 
  96   97   98   99  100  101  102  104 
   4    5    4   12    3    2    1    2 

count of 1 values: mean 15.96028  variance 64.21271 

sum sq counts: mean 1283.987  variance 53136.8 

final counts: 11 21 25 7 

   user  system elapsed 
  4.750   0.004   4.753 
     [,1] [,2] [,3] [,4] [,5] [,6] [,7] [,8]
[1,]    1    3    2    2    1    4    3    3
[2,]    1    2    2    1    1    2    3    1
[3,]    2    2    2    3    4    3    4    2
[4,]    2    2    3    1    2    2    3    2
[5,]    2    2    2    1    1    3    3    3
[6,]    2    4    2    3    3    3    3    3
[7,]    4    4    4    3    3    3    3    3
[8,]    1    3    2    2    1    3    3    3

DST, Random order:
self transition frequency: 0.2262812 
average self transition probability: 0.227264 
minimum self transition probability: 0.2275791 
fraction of time max pr > 1/2: 0.4002344 

equal neighbors: mean 61.72984  variance 68.25138 
eq
  27   28   29   30   32   33   34   35   36   37   38   39   40   41   42   43 
   1    1    4    3    4    4    1    3    1    9   15   39   68   88  157  220 
  44   45   46   47   48   49   50   51   52   53   54   55   56   57   58   59 
 320  506  703 1054 1416 1993 2486 3010 3569 4056 4619 5000 5516 5929 6120 6376 
  60   61   62   63   64   65   66   67   68   69   70   71   72   73   74   75 
6456 6439 6267 6040 5605 5336 5201 4669 4258 3748 3390 2729 2444 2121 1775 1453 
  76   77   78   79   80   81   82   83   84   85   86   87   88   89   90   91 
1127  958  710  642  535  403  346  302  285  284  245  186  127  123   93   71 
  92   93   94   95   96   97   98   99  100  101  102  104  105  106  107  109 
  49   48   37   36   39   24   25   17   15   10    3   11   15    4    6    1 
 111 
   1 

count of 1 values: mean 16.76582  variance 71.34421 

sum sq counts: mean 1287.645  variance 58564.67 

final counts: 7 8 30 19 

   user  system elapsed 
  4.754   0.000   4.755 
     [,1] [,2] [,3] [,4] [,5] [,6] [,7] [,8]
[1,]    3    3    4    3    3    2    2    3
[2,]    4    4    4    4    3    2    2    3
[3,]    1    1    4    3    3    3    1    3
[4,]    1    3    4    4    4    4    1    4
[5,]    1    4    2    4    4    2    3    1
[6,]    3    3    3    3    3    2    4    4
[7,]    3    3    3    3    3    3    3    4
[8,]    3    4    4    2    3    3    3    3

DST, Random order x4:
self transition frequency: 0.2283906 
average self transition probability: 0.2285437 
minimum self transition probability: 0.2290327 
fraction of time max pr > 1/2: 0.4025625 

equal neighbors: mean 61.93762  variance 64.71147 
eq
  34   35   36   37   38   39   40   41   42   43   44   45   46   47   48   49 
   1    6    9   16   17   38   45  100  156  231  341  442  684  934 1272 1683 
  50   51   52   53   54   55   56   57   58   59   60   61   62   63   64   65 
2169 2702 3248 3766 4284 4951 5543 5892 6090 6408 6684 6836 6709 6260 5874 5583 
  66   67   68   69   70   71   72   73   74   75   76   77   78   79   80   81 
5185 4537 4281 3629 3397 2872 2506 2158 1952 1615 1353 1125  913  652  550  466 
  82   83   84   85   86   87   88   89   90   91   92   93   94   95   96   97 
 331  266  230  169  143  140   75  102   86   52   48   50   21   24    9   25 
  98   99  100  101  102  103  104  105 
  15   13    9   10    4    7    1    5 

count of 1 values: mean 16.26669  variance 69.75827 

sum sq counts: mean 1286.801  variance 53561.91 

final counts: 28 2 14 20 

   user  system elapsed 
  4.757   0.004   4.766 
     [,1] [,2] [,3] [,4] [,5] [,6] [,7] [,8]
[1,]    1    1    1    1    1    4    3    3
[2,]    1    1    1    4    4    3    3    2
[3,]    1    1    1    1    4    1    3    4
[4,]    1    1    1    1    4    1    1    1
[5,]    3    1    1    3    3    1    1    2
[6,]    4    4    3    3    4    4    4    4
[7,]    4    4    4    3    4    4    4    4
[8,]    1    1    1    3    4    3    3    1

UST, Random:
self transition frequency: 0.2274453 
average self transition probability: 0.2262039 
minimum self transition probability: 0.225964 
fraction of time max pr > 1/2: 0.3973125 

equal neighbors: mean 61.67506  variance 65.03578 
eq
  34   35   36   37   38   39   40   41   42   43   44   45   46   47   48   49 
   3    4    6   12   13   30   65  107  178  288  343  546  764 1049 1410 1773 
  50   51   52   53   54   55   56   57   58   59   60   61   62   63   64   65 
2294 2799 3353 3983 4495 5142 5490 5883 6356 6553 6475 6579 6553 6181 5796 5497 
  66   67   68   69   70   71   72   73   74   75   76   77   78   79   80   81 
5160 4577 4075 3702 3458 2903 2540 2133 1710 1432 1223  967  867  659  513  362 
  82   83   84   85   86   87   88   89   90   91   92   93   94   95   96   97 
 322  212  184  137  120  104  132   81   97   46   39   23   23   11   17   17 
  98   99  100  101  102  103  104  105  107  108  109 
   4   34    8    5   15    8   29    9   13    8    1 

count of 1 values: mean 15.70936  variance 64.73322 

sum sq counts: mean 1272.404  variance 48995.55 

final counts: 7 7 11 39 

   user  system elapsed 
  4.570   0.004   4.581 
     [,1] [,2] [,3] [,4] [,5] [,6] [,7] [,8]
[1,]    4    4    4    4    4    4    4    4
[2,]    4    4    3    4    4    4    4    4
[3,]    1    4    4    4    4    4    3    1
[4,]    4    4    4    1    4    4    3    4
[5,]    4    4    2    3    4    3    3    1
[6,]    3    4    4    3    2    3    3    3
[7,]    2    4    4    2    4    4    1    2
[8,]    1    2    4    4    4    2    1    4

UST, Sequential:
self transition frequency: 0.2314609 
average self transition probability: 0.2310682 
minimum self transition probability: 0.230886 
fraction of time max pr > 1/2: 0.4055 

equal neighbors: mean 62.18516  variance 68.48744 
eq
  32   34   35   36   37   38   39   40   41   42   43   44   45   46   47   48 
   1    5    2    4    5   12   34   57   85  154  249  384  600  784  994 1219 
  49   50   51   52   53   54   55   56   57   58   59   60   61   62   63   64 
1644 2004 2518 3132 3521 4067 4811 5171 5866 6316 6631 6599 6696 6586 6170 5881 
  65   66   67   68   69   70   71   72   73   74   75   76   77   78   79   80 
5573 5125 4400 4094 3743 3268 2998 2671 2356 1976 1570 1359 1237  966  829  775 
  81   82   83   84   85   86   87   88   89   90   91   92   93   94   95   96 
 601  487  342  282  206  165  118  112   70   73   57   62   59   39   18   25 
  97   98   99  100  101  102  103  104  105  107  109  110  112 
  14   21    8   21   28   23   15    1    2    6    1    1    1 

count of 1 values: mean 16.30702  variance 69.9627 

sum sq counts: mean 1293.791  variance 59060.57 

final counts: 3 7 21 33 

   user  system elapsed 
  4.966   0.000   4.966 
     [,1] [,2] [,3] [,4] [,5] [,6] [,7] [,8]
[1,]    3    4    4    4    4    4    2    4
[2,]    3    4    4    4    4    4    2    4
[3,]    4    4    1    4    4    3    3    4
[4,]    4    3    1    3    3    3    3    3
[5,]    3    3    3    3    1    3    3    3
[6,]    4    4    3    4    2    4    3    3
[7,]    4    4    4    2    2    3    2    4
[8,]    4    4    4    4    4    2    4    4

UST, Shuffled Sequential:
self transition frequency: 0.2309688 
average self transition probability: 0.2302181 
minimum self transition probability: 0.2303878 
fraction of time max pr > 1/2: 0.4051016 

equal neighbors: mean 62.08096  variance 63.20024 
eq
  34   35   36   37   38   39   40   41   42   43   44   45   46   47   48   49 
   1    7    7   10   33   24   50   93  144  230  338  481  618  868 1139 1560 
  50   51   52   53   54   55   56   57   58   59   60   61   62   63   64   65 
1964 2516 3164 3766 4374 5035 5472 5763 6043 6397 6532 6563 6571 6419 6052 5508 
  66   67   68   69   70   71   72   73   74   75   76   77   78   79   80   81 
5236 4838 4541 3819 3467 2968 2542 2214 1846 1693 1500 1078  941  757  634  478 
  82   83   84   85   86   87   88   89   90   91   92   93   94   95   96   97 
 406  300  233  172  130  101   80   66   70   53   33    9    9   16   13    6 
  98   99 
   2    7 

count of 1 values: mean 15.94791  variance 63.75929 

sum sq counts: mean 1296.206  variance 52897.98 

final counts: 28 7 16 13 

   user  system elapsed 
  4.544   0.000   4.544 
     [,1] [,2] [,3] [,4] [,5] [,6] [,7] [,8]
[1,]    4    4    3    3    3    2    4    4
[2,]    4    4    3    1    3    4    3    2
[3,]    4    2    3    3    3    2    2    3
[4,]    1    1    1    1    1    1    3    3
[5,]    1    1    1    1    4    1    3    1
[6,]    1    1    1    1    1    3    1    1
[7,]    2    2    1    4    1    1    1    1
[8,]    4    4    3    3    4    1    1    1

UST, Checkerboard:
self transition frequency: 0.2228906 
average self transition probability: 0.2231966 
minimum self transition probability: 0.2235261 
fraction of time max pr > 1/2: 0.3949297 

equal neighbors: mean 61.37731  variance 63.17336 
eq
  30   31   32   33   34   35   36   37   38   39   40   41   42   43   44   45 
   1    1    3    2    3    1    3    9   16   38   46   89  136  248  335  496 
  46   47   48   49   50   51   52   53   54   55   56   57   58   59   60   61 
 683 1042 1394 1901 2486 3151 3782 4252 4903 5273 5651 5958 6363 6654 6612 6605 
  62   63   64   65   66   67   68   69   70   71   72   73   74   75   76   77 
6555 6238 5896 5496 5006 4523 4050 3382 2960 2481 2265 1893 1552 1473 1292  841 
  78   79   80   81   82   83   84   85   86   87   88   89   90   91   92   93 
 726  615  486  373  262  300  224  177  137  154   83  104   87   41   54   26 
  94   95   96   97   98   99  100 
  40   26   20   16    5    3    1 

count of 1 values: mean 15.80184  variance 56.66538 

sum sq counts: mean 1268.282  variance 47158.9 

final counts: 4 24 12 24 

   user  system elapsed 
  4.575   0.000   4.575 
     [,1] [,2] [,3] [,4] [,5] [,6] [,7] [,8]
[1,]    3    3    1    4    4    4    4    3
[2,]    4    4    4    4    4    4    4    4
[3,]    2    2    2    2    3    2    2    2
[4,]    2    1    2    2    2    4    2    2
[5,]    2    4    1    2    2    2    2    4
[6,]    3    4    2    2    4    3    2    3
[7,]    3    3    2    2    4    4    2    3
[8,]    4    3    1    4    4    4    4    3

UST, Random order:
self transition frequency: 0.2338203 
average self transition probability: 0.2331787 
minimum self transition probability: 0.2328484 
fraction of time max pr > 1/2: 0.4079766 

equal neighbors: mean 62.3439  variance 72.65292 
eq
  32   33   34   35   36   37   38   39   40   41   42   43   44   45   46   47 
   3    3    5    6    8   13   18   33   45   89  161  281  395  541  719  994 
  48   49   50   51   52   53   54   55   56   57   58   59   60   61   62   63 
1352 1762 2229 2595 3055 3643 4104 4691 5252 5491 5908 6027 6257 6371 6177 6202 
  64   65   66   67   68   69   70   71   72   73   74   75   76   77   78   79 
6107 5481 5283 4793 4406 3983 3637 2986 2679 2404 2142 1699 1267 1119  799  707 
  80   81   82   83   84   85   86   87   88   89   90   91   92   93   94   95 
 710  605  471  346  275  199  186  153  116  113   94  115  104   96  100   80 
  96   97   98   99  100  101  102  103  104  105 
  56   61   35   45   45   29   18   11    3   12 

count of 1 values: mean 16.14834  variance 64.42812 

sum sq counts: mean 1298.567  variance 61483.13 

final counts: 11 18 19 16 

   user  system elapsed 
  4.382   0.000   4.381 
     [,1] [,2] [,3] [,4] [,5] [,6] [,7] [,8]
[1,]    1    1    4    2    3    3    2    1
[2,]    4    1    4    3    1    2    2    1
[3,]    4    2    4    1    3    3    3    4
[4,]    4    2    3    3    3    3    3    4
[5,]    1    2    4    4    1    3    3    3
[6,]    1    2    4    4    3    2    3    2
[7,]    2    2    4    4    4    2    2    2
[8,]    3    2    1    3    3    4    2    2

UST, Random order x4:
self transition frequency: 0.2326484 
average self transition probability: 0.2324256 
minimum self transition probability: 0.2318937 
fraction of time max pr > 1/2: 0.4066484 

equal neighbors: mean 62.16357  variance 70.31279 
eq
  32   33   34   35   36   37   38   39   40   41   42   43   44   45   46   47 
   3    2    2    3    5   12   20   30   41   91  159  206  291  534  737  995 
  48   49   50   51   52   53   54   55   56   57   58   59   60   61   62   63 
1342 1710 2218 2713 3403 3924 4349 4776 5107 5461 5946 6255 6353 6691 6538 6353 
  64   65   66   67   68   69   70   71   72   73   74   75   76   77   78   79 
6010 5597 5279 4517 4153 3779 3154 2897 2533 2131 1811 1489 1335 1187  987  863 
  80   81   82   83   84   85   86   87   88   89   90   91   92   93   94   95 
 712  606  425  363  307  283  285  193  150  123  101   90   57   63   52   37 
  96   97   98   99  100  101  102 
  46   34   38    7   31    4    1 

count of 1 values: mean 15.89377  variance 68.839 

sum sq counts: mean 1296.418  variance 60595.17 

final counts: 27 11 12 14 

   user  system elapsed 
  4.396   0.000   4.395 
     [,1] [,2] [,3] [,4] [,5] [,6] [,7] [,8]
[1,]    2    1    1    1    4    3    1    1
[2,]    1    4    1    1    4    2    2    1
[3,]    1    2    3    3    3    2    2    1
[4,]    1    2    2    3    3    4    1    1
[5,]    1    1    3    2    2    4    1    1
[6,]    1    1    1    3    3    3    4    1
[7,]    4    1    1    1    4    4    4    4
[8,]    1    2    3    1    4    3    4    4

UDST, Random:
self transition frequency: 0.2286328 
average self transition probability: 0.229734 
minimum self transition probability: 0.2300713 
fraction of time max pr > 1/2: 0.4042656 

equal neighbors: mean 61.84349  variance 75.35576 
eq
  31   32   33   34   35   36   37   38   39   40   41   42   43   44   45   46 
   2    5    6    6    5   12   11   20   39   70   88  144  223  362  557  808 
  47   48   49   50   51   52   53   54   55   56   57   58   59   60   61   62 
1146 1398 1861 2344 2844 3386 4101 4692 5293 5762 6163 6513 6480 6461 6366 6311 
  63   64   65   66   67   68   69   70   71   72   73   74   75   76   77   78 
6056 5505 5232 4869 4315 3848 3443 3016 2627 2260 1854 1665 1432 1178 1056  980 
  79   80   81   82   83   84   85   86   87   88   89   90   91   92   93   94 
 770  619  513  443  343  359  311  220  217  134  154  139  154  135  121   86 
  95   96   97   98   99  100  101  102  103  104  105  106  107  108  110  111 
 109   66   69   30   27   28   43   13   11   22   11    5    2   21    8    2 

count of 1 values: mean 16.08894  variance 66.38253 

sum sq counts: mean 1295.344  variance 71021.54 

final counts: 9 29 6 20 

   user  system elapsed 
  7.724   0.000   7.724 
     [,1] [,2] [,3] [,4] [,5] [,6] [,7] [,8]
[1,]    3    4    3    1    4    4    2    2
[2,]    2    4    2    2    2    4    3    3
[3,]    2    2    2    2    2    1    4    4
[4,]    2    2    2    2    2    1    4    4
[5,]    2    2    2    3    4    4    4    2
[6,]    2    2    2    2    1    1    1    2
[7,]    2    2    4    4    1    4    3    2
[8,]    1    1    4    4    4    4    4    2

UDST, Sequential:
self transition frequency: 0.2288438 
average self transition probability: 0.2290384 
minimum self transition probability: 0.2293898 
fraction of time max pr > 1/2: 0.4033984 

equal neighbors: mean 61.66858  variance 67.64511 
eq
  32   34   35   36   37   38   39   40   41   42   43   44   45   46   47   48 
   1    4    5    3    7   14   29   49   86  151  273  400  540  798 1111 1426 
  49   50   51   52   53   54   55   56   57   58   59   60   61   62   63   64 
1903 2371 2885 3595 3903 4531 5143 5721 6152 6357 6422 6570 6441 6324 5958 5833 
  65   66   67   68   69   70   71   72   73   74   75   76   77   78   79   80 
5384 5098 4351 4060 3648 3158 2713 2081 1996 1713 1391 1209 1103  859  747  613 
  81   82   83   84   85   86   87   88   89   90   91   92   93   94   95   96 
 532  401  405  323  224  205  160  153  104   91   45   56   75   25   15   14 
  97   98   99  100  101 
  21    6    9    5    1 

count of 1 values: mean 15.85267  variance 65.70076 

sum sq counts: mean 1283.996  variance 58302.13 

final counts: 10 22 21 11 

   user  system elapsed 
  7.823   0.000   7.823 
     [,1] [,2] [,3] [,4] [,5] [,6] [,7] [,8]
[1,]    3    4    4    3    2    3    2    4
[2,]    2    2    2    2    2    4    2    4
[3,]    4    4    2    2    2    4    2    4
[4,]    2    3    2    2    1    4    2    3
[5,]    2    2    2    2    1    1    3    3
[6,]    1    2    1    3    3    3    3    1
[7,]    3    1    3    3    3    3    1    1
[8,]    2    1    3    3    3    3    4    3

UDST, Shuffled Sequential:
self transition frequency: 0.225875 
average self transition probability: 0.226187 
minimum self transition probability: 0.2266708 
fraction of time max pr > 1/2: 0.3995078 

equal neighbors: mean 61.73503  variance 63.79801 
eq
  33   34   35   36   37   38   39   40   41   42   43   44   45   46   47   48 
   1    2    3    4    6   11   33   55   89  144  245  370  511  748 1068 1354 
  49   50   51   52   53   54   55   56   57   58   59   60   61   62   63   64 
1837 2285 2686 3222 3814 4466 4860 5325 5870 6459 6668 6723 6744 6750 6213 6094 
  65   66   67   68   69   70   71   72   73   74   75   76   77   78   79   80 
5815 5139 4601 4172 3741 3062 2665 2401 1999 1666 1362 1200  926  808  757  575 
  81   82   83   84   85   86   87   88   89   90   91   92   93   94   95   96 
 497  408  318  242  204  171  154   96   90   84   71   36   30   30    5    3 
  97   98   99 
   2    3    7 

count of 1 values: mean 16.41152  variance 67.2476 

sum sq counts: mean 1284.205  variance 52942.96 

final counts: 21 4 33 6 

   user  system elapsed 
  7.766   0.000   7.766 
     [,1] [,2] [,3] [,4] [,5] [,6] [,7] [,8]
[1,]    3    4    1    1    3    3    3    3
[2,]    4    2    1    1    1    3    3    3
[3,]    3    1    1    1    2    4    3    3
[4,]    2    1    1    1    1    1    4    4
[5,]    3    3    3    2    1    4    3    3
[6,]    3    3    3    3    1    1    3    3
[7,]    3    3    3    1    1    1    3    3
[8,]    3    3    1    1    3    3    3    3

UDST, Checkerboard:
self transition frequency: 0.2291016 
average self transition probability: 0.2288377 
minimum self transition probability: 0.2296466 
fraction of time max pr > 1/2: 0.4030313 

equal neighbors: mean 61.99356  variance 70.73492 
eq
  33   34   35   36   37   38   39   40   41   42   43   44   45   46   47   48 
   2    5    5    8   12   21   28   52   54  127  196  338  529  791 1057 1244 
  49   50   51   52   53   54   55   56   57   58   59   60   61   62   63   64 
1726 2256 2744 3359 4013 4310 4877 5464 5842 6291 6493 6662 6650 6613 6420 5764 
  65   66   67   68   69   70   71   72   73   74   75   76   77   78   79   80 
5384 5073 4252 4026 3621 3220 2887 2382 2158 1837 1488 1242 1116  888  645  648 
  81   82   83   84   85   86   87   88   89   90   91   92   93   94   95   96 
 487  451  326  262  245  223  161  131  140  118  103   96   70   55   45   30 
  97   98   99  100  101  102  103  104  106  107  108  110  112  114  116 
  35   34   23   32    9    1   11    1    6    2   29    4   30    7   13 

count of 1 values: mean 16.0123  variance 63.55056 

sum sq counts: mean 1293.947  variance 67112.93 

final counts: 3 16 17 28 

   user  system elapsed 
  7.732   0.000   7.733 
     [,1] [,2] [,3] [,4] [,5] [,6] [,7] [,8]
[1,]    4    4    4    4    3    2    4    4
[2,]    4    4    4    4    2    2    4    4
[3,]    4    4    4    4    2    2    4    4
[4,]    4    3    4    4    4    4    4    4
[5,]    3    2    3    3    3    2    2    1
[6,]    3    2    1    3    3    4    1    2
[7,]    2    4    3    3    3    3    2    2
[8,]    3    4    2    3    3    2    2    3

UDST, Random order:
self transition frequency: 0.2313906 
average self transition probability: 0.2303967 
minimum self transition probability: 0.2301959 
fraction of time max pr > 1/2: 0.405 

equal neighbors: mean 62.11505  variance 68.50005 
eq
  34   35   36   37   38   39   40   41   42   43   44   45   46   47   48   49 
   1    2    6   18   21   33   54   80  135  236  348  547  713  983 1354 1679 
  50   51   52   53   54   55   56   57   58   59   60   61   62   63   64   65 
2091 2524 3047 3797 4310 4905 5369 5773 6248 6360 6534 6438 6676 6291 5806 5458 
  66   67   68   69   70   71   72   73   74   75   76   77   78   79   80   81 
5053 4806 4205 4024 3512 3001 2547 2096 1813 1529 1312 1006  945  697  567  545 
  82   83   84   85   86   87   88   89   90   91   92   93   94   95   96   97 
 488  357  325  218  160  136  106  127  104  105   62   42   34   35   26   26 
  98   99  100  101  102  103  104  105  106  107  108  110 
  33   27   17    7   37    3    9    8    2    1    8    2 

count of 1 values: mean 15.99842  variance 66.37439 

sum sq counts: mean 1292.562  variance 60212.11 

final counts: 5 28 22 9 

   user  system elapsed 
  7.688   0.000   7.688 
     [,1] [,2] [,3] [,4] [,5] [,6] [,7] [,8]
[1,]    2    2    2    2    4    4    3    2
[2,]    1    3    3    3    4    3    3    2
[3,]    2    1    1    2    2    3    3    4
[4,]    2    2    1    4    2    3    2    2
[5,]    2    3    3    2    2    3    2    2
[6,]    2    2    2    2    4    3    2    3
[7,]    1    2    2    4    4    4    3    3
[8,]    3    2    2    3    3    3    3    3

UDST, Random order x4:
self transition frequency: 0.2287812 
average self transition probability: 0.2289082 
minimum self transition probability: 0.2293718 
fraction of time max pr > 1/2: 0.4035313 

equal neighbors: mean 61.98516  variance 64.24327 
eq
  35   36   37   38   39   40   41   42   43   44   45   46   47   48   49   50 
   2    4   18   13   34   41   67  115  188  296  431  648  896 1267 1693 2169 
  51   52   53   54   55   56   57   58   59   60   61   62   63   64   65   66 
2710 3281 3639 4378 5009 5562 6061 6324 6402 6451 6615 6478 6455 5910 5721 5252 
  67   68   69   70   71   72   73   74   75   76   77   78   79   80   81   82 
4589 4199 3715 3301 2898 2357 2196 1849 1616 1271 1073  924  736  614  516  475 
  83   84   85   86   87   88   89   90   91   92   93   94   95   96   97   98 
 334  262  180  167  127  107   82   56   49   41   39   15   19   26   28    1 
  99  100  101 
   4    3    1 

count of 1 values: mean 16.86434  variance 70.69363 

sum sq counts: mean 1283.63  variance 49373.83 

final counts: 31 4 6 23 

   user  system elapsed 
  7.753   0.000   7.753 
     [,1] [,2] [,3] [,4] [,5] [,6] [,7] [,8]
[1,]    4    4    1    3    4    1    1    2
[2,]    4    1    1    1    4    1    1    2
[3,]    4    1    1    1    2    1    4    4
[4,]    4    1    1    1    1    1    1    4
[5,]    4    1    1    1    1    1    4    4
[6,]    4    1    1    1    4    1    4    3
[7,]    3    3    4    4    4    2    1    3
[8,]    1    1    4    4    4    4    1    3

HST, Random:
self transition frequency: 0.2252344 
average self transition probability: 0.2253983 
minimum self transition probability: 0.2252331 
fraction of time max pr > 1/2: 0.3966016 

equal neighbors: mean 61.54958  variance 64.92108 
eq
  30   31   32   33   34   35   36   37   38   39   40   41   42   43   44   45 
   1    2    1    2    1    2    3    7   19   33   54  101  143  239  409  517 
  46   47   48   49   50   51   52   53   54   55   56   57   58   59   60   61 
 717  930 1332 1918 2226 2899 3290 4031 4844 5185 5700 6271 6466 6681 6814 6543 
  62   63   64   65   66   67   68   69   70   71   72   73   74   75   76   77 
6463 6449 6064 5531 5026 4444 3947 3553 3068 2837 2354 1847 1541 1253 1020  844 
  78   79   80   81   82   83   84   85   86   87   88   89   90   91   92   93 
 750  570  422  395  309  301  231  219  171  166  130  113   96  129   81   67 
  94   95   96   97   98   99  100 
  76   48   46   18   24   13    3 

count of 1 values: mean 16.47409  variance 64.73058 

sum sq counts: mean 1277.055  variance 51088.51 

final counts: 0 21 12 31 

   user  system elapsed 
  3.438   0.000   3.438 
     [,1] [,2] [,3] [,4] [,5] [,6] [,7] [,8]
[1,]    4    4    4    4    3    4    4    4
[2,]    4    4    4    4    3    2    2    3
[3,]    2    2    2    3    3    3    3    3
[4,]    4    4    2    2    2    2    2    3
[5,]    2    2    3    2    4    2    2    4
[6,]    4    3    2    2    2    2    4    4
[7,]    4    4    4    4    2    4    4    4
[8,]    4    4    4    3    2    4    4    4

HST, Sequential:
self transition frequency: 0.2274375 
average self transition probability: 0.2278698 
minimum self transition probability: 0.227798 
fraction of time max pr > 1/2: 0.4012109 

equal neighbors: mean 61.91878  variance 65.60803 
eq
  28   30   32   33   34   35   36   37   38   39   40   41   42   43   44   45 
   1    2    2    7   10    6    9   11   22   33   50  106  115  181  373  523 
  46   47   48   49   50   51   52   53   54   55   56   57   58   59   60   61 
 705 1023 1297 1678 2140 2628 3139 3755 4452 4973 5560 5850 6120 6446 6564 6675 
  62   63   64   65   66   67   68   69   70   71   72   73   74   75   76   77 
6462 6330 5990 5807 5340 4764 4358 3795 3377 2979 2454 2015 1662 1427 1204  929 
  78   79   80   81   82   83   84   85   86   87   88   89   90   91   92   93 
 865  627  524  461  364  334  262  173  165  170  119   75   97   65   47   57 
  94   95   96   97   98   99  100  101  102  103  106 
  36   92   21   19   18   16   14    1    2    7   20 

count of 1 values: mean 16.12154  variance 65.1236 

sum sq counts: mean 1279.549  variance 53214.34 

final counts: 23 15 11 15 

   user  system elapsed 
  3.396   0.004   3.400 
     [,1] [,2] [,3] [,4] [,5] [,6] [,7] [,8]
[1,]    1    1    2    1    1    1    3    2
[2,]    1    1    2    2    2    2    3    1
[3,]    4    3    3    2    2    2    4    1
[4,]    4    4    2    2    2    3    3    4
[5,]    4    4    1    1    4    4    1    3
[6,]    4    4    3    3    3    1    1    4
[7,]    4    4    4    2    1    1    1    1
[8,]    1    3    2    2    1    1    1    1

HST, Shuffled Sequential:
self transition frequency: 0.2285156 
average self transition probability: 0.2283278 
minimum self transition probability: 0.2281415 
fraction of time max pr > 1/2: 0.4017578 

equal neighbors: mean 61.81216  variance 65.71829 
eq
  35   36   37   38   39   40   41   42   43   44   45   46   47   48   49   50 
   2    3    5    8   33   54   84  157  235  373  526  725 1009 1280 1692 2276 
  51   52   53   54   55   56   57   58   59   60   61   62   63   64   65   66 
2709 3390 4013 4592 5201 5715 5837 6128 6473 6670 6433 6383 6293 5913 5558 4980 
  67   68   69   70   71   72   73   74   75   76   77   78   79   80   81   82 
4668 4054 3660 3234 2749 2406 1919 1710 1432 1289 1025  955  750  614  505  507 
  83   84   85   86   87   88   89   90   91   92   93   94   95   96   97 
 388  345  261  186  155  134  104   50   50   45   27   11   14    2    1 

count of 1 values: mean 15.90215  variance 62.79144 

sum sq counts: mean 1289.822  variance 52344.39 

final counts: 28 10 7 19 

   user  system elapsed 
  3.339   0.000   3.339 
     [,1] [,2] [,3] [,4] [,5] [,6] [,7] [,8]
[1,]    1    3    2    1    1    2    3    4
[2,]    1    4    4    4    2    2    1    4
[3,]    1    4    4    4    1    4    4    4
[4,]    4    4    1    1    1    4    4    4
[5,]    4    3    4    1    1    1    1    1
[6,]    2    3    3    1    1    1    1    1
[7,]    3    3    4    1    1    1    1    1
[8,]    2    2    2    1    1    2    1    2

HST, Checkerboard:
self transition frequency: 0.2285859 
average self transition probability: 0.2280916 
minimum self transition probability: 0.2279606 
fraction of time max pr > 1/2: 0.4011094 

equal neighbors: mean 61.83731  variance 63.11712 
eq
  31   32   33   34   35   36   37   38   39   40   41   42   43   44   45   46 
   1    4    2    2    1    1    6   11   37   65  112  155  219  310  480  615 
  47   48   49   50   51   52   53   54   55   56   57   58   59   60   61   62 
 926 1231 1645 2111 2623 3281 3792 4495 5118 5441 5844 6261 6576 6821 6779 6797 
  63   64   65   66   67   68   69   70   71   72   73   74   75   76   77   78 
6485 6233 5586 5084 4514 4248 3757 3349 2808 2564 2002 1809 1494 1184  941  735 
  79   80   81   82   83   84   85   86   87   88   89   90   91   92   93   94 
 616  510  418  321  292  191  177  151  130  109  110   86   78   50   59   33 
  95   96   97   98   99  100  101 
  31   16   14   31   15    3    4 

count of 1 values: mean 16.51075  variance 67.74254 

sum sq counts: mean 1286.526  variance 52721.79 

final counts: 16 14 24 10 

   user  system elapsed 
  3.263   0.000   3.263 
     [,1] [,2] [,3] [,4] [,5] [,6] [,7] [,8]
[1,]    1    2    3    3    3    3    1    1
[2,]    1    1    3    3    3    2    1    2
[3,]    1    2    3    2    1    2    1    3
[4,]    3    3    3    2    3    2    4    4
[5,]    4    2    2    2    3    3    1    1
[6,]    3    3    2    3    3    2    3    4
[7,]    1    2    4    3    3    4    4    4
[8,]    1    1    3    3    4    4    1    1

HST, Random order:
self transition frequency: 0.2266797 
average self transition probability: 0.2271649 
minimum self transition probability: 0.2277117 
fraction of time max pr > 1/2: 0.4006875 

equal neighbors: mean 61.779  variance 66.44896 
eq
  32   33   34   35   36   37   38   39   40   41   42   43   44   45   46   47 
   2    4    7    7   13   16   23   45   65  140  172  270  357  523  740 1069 
  48   49   50   51   52   53   54   55   56   57   58   59   60   61   62   63 
1424 1821 2124 2758 3382 3949 4352 5034 5659 5983 6183 6549 6560 6475 6555 6189 
  64   65   66   67   68   69   70   71   72   73   74   75   76   77   78   79 
5737 5284 4927 4578 4017 3671 3347 3036 2521 2117 1731 1601 1304  939  816  698 
  80   81   82   83   84   85   86   87   88   89   90   91   92   93   94   95 
 639  533  447  310  299  212  168  135  107   62   68   50   32   50   42   35 
  96   97   98  100 
  16    5   10    6 

count of 1 values: mean 15.38911  variance 57.51734 

sum sq counts: mean 1287.709  variance 54584.88 

final counts: 13 14 29 8 

   user  system elapsed 
  3.231   0.004   3.235 
     [,1] [,2] [,3] [,4] [,5] [,6] [,7] [,8]
[1,]    1    4    2    2    2    4    4    2
[2,]    2    1    1    2    2    3    3    2
[3,]    2    1    1    1    1    3    1    2
[4,]    1    1    1    3    3    3    1    3
[5,]    3    3    3    2    3    3    4    3
[6,]    3    3    2    2    3    3    3    3
[7,]    3    3    3    2    1    3    3    3
[8,]    3    3    3    4    4    4    4    3

HST, Random order x4:
self transition frequency: 0.2299609 
average self transition probability: 0.2289059 
minimum self transition probability: 0.2281759 
fraction of time max pr > 1/2: 0.402125 

equal neighbors: mean 61.82508  variance 65.81462 
eq
  30   31   32   33   34   35   36   37   38   39   40   41   42   43   44   45 
   2    2    2    1    3    1    7    8   19   47   59   99  141  226  361  478 
  46   47   48   49   50   51   52   53   54   55   56   57   58   59   60   61 
 652  983 1265 1673 2107 2635 3335 4030 4615 5096 5583 6268 6458 6859 6557 6617 
  62   63   64   65   66   67   68   69   70   71   72   73   74   75   76   77 
6309 6200 5829 5381 4909 4390 3963 3675 3245 2969 2456 2045 1839 1483 1301 1069 
  78   79   80   81   82   83   84   85   86   87   88   89   90   91   92   93 
 811  729  615  529  371  284  258  207  161  131  149  107   77   85   55   41 
  94   95   96   97   98   99  100  101  102  103 
  24   21   15   21   14    4   14    5   17    3 

count of 1 values: mean 15.69091  variance 59.65297 

sum sq counts: mean 1283.995  variance 53523.7 

final counts: 15 25 12 12 

   user  system elapsed 
  3.229   0.000   3.228 
     [,1] [,2] [,3] [,4] [,5] [,6] [,7] [,8]
[1,]    1    3    3    3    1    2    2    2
[2,]    2    3    3    3    2    2    2    2
[3,]    1    1    3    2    2    2    2    2
[4,]    3    4    4    3    4    2    2    4
[5,]    2    3    1    1    2    2    2    2
[6,]    2    2    1    1    2    1    4    1
[7,]    4    2    1    1    2    4    4    4
[8,]    3    3    1    1    1    4    4    4

OHST, Random:
self transition frequency: 0.2266328 
average self transition probability: 0.2254007 
minimum self transition probability: 0.2253168 
fraction of time max pr > 1/2: 0.3972891 

equal neighbors: mean 61.61491  variance 60.11908 
eq
  34   35   36   37   38   39   40   41   42   43   44   45   46   47   48   49 
   2    6    7    6   16   23   67   81  123  156  237  420  637  858 1239 1693 
  50   51   52   53   54   55   56   57   58   59   60   61   62   63   64   65 
2075 2673 3303 4000 4657 5438 5904 6350 6577 6980 7076 6694 6504 6309 5839 5510 
  66   67   68   69   70   71   72   73   74   75   76   77   78   79   80   81 
5048 4460 4016 3506 3200 2843 2351 2017 1740 1421 1078  990  716  639  524  399 
  82   83   84   85   86   87   88   89   90   91   92   93   94   95   96   97 
 361  265  184  170  137  113   70   78   52   42   27   16   19   15   21   13 
  98 
   9 

count of 1 values: mean 16.33844  variance 59.63346 

sum sq counts: mean 1269.643  variance 44893.1 

final counts: 11 17 24 12 

   user  system elapsed 
  4.358   0.004   4.361 
     [,1] [,2] [,3] [,4] [,5] [,6] [,7] [,8]
[1,]    4    2    4    4    1    1    1    2
[2,]    1    2    3    4    4    1    2    2
[3,]    2    1    3    3    3    4    2    2
[4,]    3    1    3    3    3    3    3    3
[5,]    3    3    3    3    2    3    3    3
[6,]    1    1    3    3    2    3    3    1
[7,]    2    4    3    4    2    4    1    2
[8,]    4    2    2    4    2    2    3    4

OHST, Sequential:
self transition frequency: 0.2257187 
average self transition probability: 0.2261045 
minimum self transition probability: 0.2262893 
fraction of time max pr > 1/2: 0.3987969 

equal neighbors: mean 61.62452  variance 67.84948 
eq
  31   33   34   35   36   37   38   39   40   41   42   43   44   45   46   47 
   1    1    6    9   14   14   19   36   47  137  180  293  412  595  820 1114 
  48   49   50   51   52   53   54   55   56   57   58   59   60   61   62   63 
1463 1761 2241 2849 3340 3969 4574 5172 5676 6106 6557 6629 6765 6584 6530 6245 
  64   65   66   67   68   69   70   71   72   73   74   75   76   77   78   79 
5605 5247 4890 4210 3834 3636 3085 2728 2319 2125 1651 1427 1197  944  858  675 
  80   81   82   83   84   85   86   87   88   89   90   91   92   93   94   95 
 550  431  394  347  279  268  263  174  199  134   92   31   54   55   40   11 
  96   97   98   99  100  103 
  22   32    2   14    3   15 

count of 1 values: mean 16.69691  variance 67.94771 

sum sq counts: mean 1283.563  variance 55944.84 

final counts: 14 13 17 20 

   user  system elapsed 
  4.342   0.000   4.342 
     [,1] [,2] [,3] [,4] [,5] [,6] [,7] [,8]
[1,]    4    4    4    3    4    2    2    1
[2,]    4    4    4    3    4    3    2    1
[3,]    1    4    2    3    3    1    1    1
[4,]    1    2    2    3    3    3    1    1
[5,]    4    4    2    3    3    3    1    3
[6,]    1    2    2    3    3    4    4    4
[7,]    1    1    1    3    3    2    2    4
[8,]    4    4    4    3    4    2    2    4

OHST, Shuffled Sequential:
self transition frequency: 0.2269609 
average self transition probability: 0.2282948 
minimum self transition probability: 0.2283128 
fraction of time max pr > 1/2: 0.4019766 

equal neighbors: mean 61.83199  variance 65.20787 
eq
  33   34   35   36   37   38   39   40   41   42   43   44   45   46   47   48 
   2    3    7    8   11   24   40   66   93  151  225  347  515  700  984 1276 
  49   50   51   52   53   54   55   56   57   58   59   60   61   62   63   64 
1636 2117 2711 3233 3787 4408 4841 5513 6141 6367 6513 6838 6939 6593 6456 6108 
  65   66   67   68   69   70   71   72   73   74   75   76   77   78   79   80 
5469 5203 4545 4206 3742 3134 2903 2423 2031 1555 1395 1066  915  856  666  555 
  81   82   83   84   85   86   87   88   89   90   91   92   93   94   95   96 
 496  360  262  241  240  206  132   97   91  101  111   85   95   33   28   19 
  97   98   99  100  101  102  103  106 
  28   20   15    4    2    3   12    2 

count of 1 values: mean 15.86451  variance 65.81462 

sum sq counts: mean 1287.575  variance 55126.57 

final counts: 8 32 21 3 

   user  system elapsed 
  4.314   0.004   4.317 
     [,1] [,2] [,3] [,4] [,5] [,6] [,7] [,8]
[1,]    2    2    2    2    2    2    4    2
[2,]    2    3    3    3    2    3    1    2
[3,]    1    2    3    3    4    3    3    1
[4,]    1    2    2    3    3    3    1    1
[5,]    2    2    3    3    3    1    2    2
[6,]    2    3    3    3    2    1    2    2
[7,]    2    3    2    2    2    2    2    4
[8,]    2    2    2    2    2    3    3    3

OHST, Checkerboard:
self transition frequency: 0.2264219 
average self transition probability: 0.2273319 
minimum self transition probability: 0.2271257 
fraction of time max pr > 1/2: 0.4002188 

equal neighbors: mean 61.73497  variance 65.3948 
eq
  32   33   34   35   36   37   38   39   40   41   42   43   44   45   46   47 
   1    3    4    5    3    5   14   29   58  101  148  210  325  482  738 1055 
  48   49   50   51   52   53   54   55   56   57   58   59   60   61   62   63 
1385 1706 2265 2829 3296 3992 4667 5100 5667 6169 6466 6635 6559 6470 6282 6315 
  64   65   66   67   68   69   70   71   72   73   74   75   76   77   78   79 
5838 5303 4946 4460 4106 3601 3175 2728 2443 2121 1868 1560 1272 1093  850  653 
  80   81   82   83   84   85   86   87   88   89   90   91   92   93   94   95 
 581  394  298  308  291  267  160  164  131   99   56   49   44   45   33   17 
  96   97   98   99  100  101  105 
  10   19    7    4    5   14    3 

count of 1 values: mean 16.35193  variance 67.01744 

sum sq counts: mean 1281.417  variance 51984.37 

final counts: 8 22 11 23 

   user  system elapsed 
   4.37    0.00    4.37 
     [,1] [,2] [,3] [,4] [,5] [,6] [,7] [,8]
[1,]    2    1    2    2    4    2    2    4
[2,]    3    4    4    4    4    4    4    4
[3,]    4    3    2    2    2    2    3    3
[4,]    3    3    1    4    2    2    2    4
[5,]    2    3    3    2    4    4    2    4
[6,]    4    3    2    2    4    2    2    4
[7,]    1    2    1    1    3    2    2    4
[8,]    4    3    1    1    1    4    4    4

OHST, Random order:
self transition frequency: 0.2298281 
average self transition probability: 0.2304204 
minimum self transition probability: 0.2311812 
fraction of time max pr > 1/2: 0.4056875 

equal neighbors: mean 61.97079  variance 75.53889 
eq
  34   35   36   37   38   39   40   41   42   43   44   45   46   47   48   49 
   3    2    5   18   35   50   75  132  200  267  410  609  848 1118 1494 1910 
  50   51   52   53   54   55   56   57   58   59   60   61   62   63   64   65 
2443 2977 3568 4132 4420 4725 5395 5620 5895 6189 6256 6330 6183 5922 5759 5178 
  66   67   68   69   70   71   72   73   74   75   76   77   78   79   80   81 
4849 4567 4233 3683 3454 2825 2361 2034 1868 1530 1353 1129  903  765  695  540 
  82   83   84   85   86   87   88   89   90   91   92   93   94   95   96   97 
 483  381  381  260  248  188  135  122   94  107  142   60   79   50   59   51 
  98   99  100  101  102  103  104  105  106  107  108  109  110  114 
  40   37   41   29    7    9    4    6    4    6    9    1    7    3 

count of 1 values: mean 15.73884  variance 70.5996 

sum sq counts: mean 1304.999  variance 69913.62 

final counts: 24 11 18 11 

   user  system elapsed 
  4.355   0.004   4.359 
     [,1] [,2] [,3] [,4] [,5] [,6] [,7] [,8]
[1,]    4    1    3    3    3    3    1    2
[2,]    2    2    2    3    3    3    3    2
[3,]    1    1    1    1    1    1    4    1
[4,]    1    1    2    1    4    4    4    4
[5,]    1    1    1    1    2    4    4    3
[6,]    4    2    1    1    1    1    1    3
[7,]    4    2    3    3    1    1    3    3
[8,]    3    4    3    3    3    1    2    2

OHST, Random order x4:
self transition frequency: 0.2313125 
average self transition probability: 0.231408 
minimum self transition probability: 0.2309974 
fraction of time max pr > 1/2: 0.4060078 

equal neighbors: mean 62.13127  variance 68.86411 
eq
  33   34   35   36   37   38   39   40   41   42   43   44   45   46   47   48 
   1    2    4    8   12   26   52   63  134  217  267  384  455  631  833 1125 
  49   50   51   52   53   54   55   56   57   58   59   60   61   62   63   64 
1568 2082 2649 3303 3834 4311 4896 5331 5845 5948 6339 6432 6595 6516 6248 5929 
  65   66   67   68   69   70   71   72   73   74   75   76   77   78   79   80 
5851 5314 4880 4234 3867 3389 2863 2490 2136 1855 1591 1319 1078  826  768  652 
  81   82   83   84   85   86   87   88   89   90   91   92   93   94   95   96 
 538  438  324  264  204  137  160   98   97   57   44   38   56   46   35   17 
  97   98   99  100  101  102  103  104  105  106  107  108  109  110  111  112 
  45   33   17   28   33   36   14    6   15    4    6   14    5   17    4    6 
 114 
  11 

count of 1 values: mean 15.71729  variance 63.30431 

sum sq counts: mean 1296.567  variance 61191.02 

final counts: 10 13 13 28 

   user  system elapsed 
  4.348   0.000   4.348 
     [,1] [,2] [,3] [,4] [,5] [,6] [,7] [,8]
[1,]    4    3    4    4    4    1    1    4
[2,]    4    2    1    4    4    2    2    4
[3,]    3    1    1    4    4    3    4    4
[4,]    3    3    3    4    4    4    3    2
[5,]    3    3    4    4    4    4    3    2
[6,]    3    3    4    2    2    1    1    1
[7,]    2    2    4    4    3    1    2    1
[8,]    2    2    2    4    4    4    4    4
> 
